7450-243487
OS REV: 1.05 Sensor Cal: 1677879675
Time (sec),  BV (Volts),  T (deg C),  DO (mg/l),  Q ()
1681725180,+3.55,+27.169, +8.157,+0.942
1681725780,+3.55,+27.195, +8.164,+0.942
1681726380,+3.55,+27.195, +8.086,+0.942
1681726980,+3.55,+27.186, +8.133,+0.942
1681727580,+3.55,+27.186, +8.110,+0.942
1681728180,+3.55,+27.195, +8.161,+0.942
1681728780,+3.55,+27.237, +8.208,+0.942
1681729380,+3.55,+27.228, +8.277,+0.942
1681729980,+3.55,+27.254, +8.225,+0.942
1681730580,+3.55,+27.237, +8.307,+0.942
1681731180,+3.55,+27.237, +8.448,+0.942
1681731780,+3.55,+27.254, +8.413,+0.942
1681732380,+3.55,+27.245, +8.373,+0.942
1681732980,+3.55,+27.271, +8.366,+0.942
1681733580,+3.55,+27.262, +8.413,+0.942
1681734180,+3.55,+27.288, +8.483,+0.942
1681734780,+3.55,+27.313, +8.463,+0.942
1681735380,+3.55,+27.313, +8.493,+0.942
1681735980,+3.55,+27.322, +8.457,+0.942
1681736580,+3.55,+27.313, +8.464,+0.942
1681737180,+3.55,+27.330, +8.459,+0.942
1681737780,+3.55,+27.288, +8.577,+0.942
1681738380,+3.55,+27.313, +8.579,+0.942
1681738980,+3.55,+27.339, +8.580,+0.942
1681739580,+3.55,+27.339, +8.513,+0.942
1681740180,+3.55,+27.330, +8.530,+0.941
1681740780,+3.55,+27.322, +8.540,+0.942
1681741380,+3.55,+27.330, +8.516,+0.942
1681741980,+3.55,+27.330, +8.520,+0.943
1681742580,+3.55,+27.339, +8.488,+0.942
1681743180,+3.55,+27.322, +8.477,+0.942
1681743780,+3.55,+27.339, +8.449,+0.942
1681744380,+3.55,+27.313, +8.428,+0.942
1681744980,+3.55,+27.322, +8.409,+0.942
1681745580,+3.55,+27.313, +8.373,+0.942
1681746180,+3.55,+27.339, +8.321,+0.941
1681746780,+3.55,+27.330, +8.243,+0.942
1681747380,+3.55,+27.322, +8.282,+0.942
1681747980,+3.55,+27.313, +8.212,+0.942
1681748580,+3.55,+27.330, +8.131,+0.942
1681749180,+3.55,+27.330, +8.110,+0.941
1681749780,+3.55,+27.322, +8.029,+0.942
1681750380,+3.55,+27.330, +8.029,+0.942
1681750980,+3.55,+27.322, +8.026,+0.942
1681751580,+3.55,+27.330, +7.980,+0.942
1681752180,+3.55,+27.322, +7.974,+0.941
1681752780,+3.55,+27.322, +7.940,+0.942
1681753380,+3.55,+27.313, +7.831,+0.941
1681753980,+3.55,+27.322, +8.021,+0.941
1681754580,+3.55,+27.313, +7.914,+0.941
1681755180,+3.55,+27.313, +7.797,+0.941
1681755780,+3.55,+27.330, +7.730,+0.942
1681756380,+3.55,+27.330, +7.719,+0.941
1681756980,+3.55,+27.330, +7.731,+0.941
1681757580,+3.55,+27.322, +7.626,+0.942
1681758180,+3.55,+27.288, +7.662,+0.941
1681758780,+3.55,+27.254, +7.441,+0.941
1681759380,+3.55,+27.076, +7.476,+0.941
1681759980,+3.55,+27.025, +7.400,+0.941
1681760580,+3.55,+26.982, +7.442,+0.941
1681761180,+3.55,+27.016, +7.503,+0.941
1681761780,+3.55,+27.008, +7.394,+0.941
1681762380,+3.55,+26.991, +7.479,+0.941
1681762980,+3.55,+27.025, +7.592,+0.942
1681763580,+3.55,+26.991, +7.488,+0.941
1681764180,+3.55,+26.999, +7.549,+0.941
1681764780,+3.55,+26.974, +7.525,+0.941
1681765380,+3.55,+26.999, +7.525,+0.942
1681765980,+3.55,+26.991, +7.535,+0.941
1681766580,+3.55,+27.008, +7.582,+0.941
1681767180,+3.55,+26.991, +7.610,+0.942
1681767780,+3.55,+27.008, +7.591,+0.941
1681768380,+3.55,+27.008, +7.572,+0.941
1681768980,+3.55,+27.008, +7.689,+0.942
1681769580,+3.55,+27.025, +7.709,+0.941
1681770180,+3.55,+27.016, +7.708,+0.941
1681770780,+3.55,+27.025, +7.623,+0.941
1681771380,+3.55,+27.050, +7.742,+0.941
1681771980,+3.55,+27.042, +7.670,+0.941
1681772580,+3.55,+27.042, +7.705,+0.941
1681773180,+3.55,+27.042, +7.735,+0.942
1681773780,+3.55,+27.050, +7.674,+0.941
1681774380,+3.55,+27.042, +7.557,+0.941
1681774980,+3.55,+27.008, +7.562,+0.942
1681775580,+3.55,+27.033, +7.598,+0.941
1681776180,+3.55,+27.042, +7.586,+0.941
1681776780,+3.55,+27.033, +7.578,+0.942
1681777380,+3.55,+27.016, +7.560,+0.941
1681777980,+3.55,+27.008, +7.582,+0.941
1681778580,+3.55,+27.033, +7.583,+0.941
1681779180,+3.55,+27.042, +7.573,+0.941
1681779780,+3.55,+27.016, +7.536,+0.941
1681780380,+3.55,+27.025, +7.498,+0.941
1681780980,+3.55,+27.008, +7.455,+0.940
1681781580,+3.55,+27.059, +7.447,+0.941
1681782180,+3.55,+27.016, +7.417,+0.941
1681782780,+3.55,+27.008, +7.406,+0.941
1681783380,+3.55,+26.999, +7.440,+0.940
1681783980,+3.55,+26.999, +7.448,+0.941
1681784580,+3.55,+26.991, +7.432,+0.941
1681785180,+3.55,+26.991, +7.392,+0.941
1681785780,+3.55,+26.991, +7.379,+0.941
1681786380,+3.55,+26.966, +7.417,+0.941
1681786980,+3.55,+26.974, +7.406,+0.941
1681787580,+3.55,+26.957, +7.412,+0.941
1681788180,+3.55,+26.949, +7.443,+0.941
1681788780,+3.55,+26.940, +7.458,+0.941
1681789380,+3.55,+26.923, +7.461,+0.941
1681789980,+3.55,+26.923, +7.494,+0.941
1681790580,+3.55,+26.932, +7.522,+0.941
1681791180,+3.55,+26.923, +7.543,+0.941
1681791780,+3.55,+26.915, +7.531,+0.941
1681792380,+3.55,+26.915, +7.563,+0.941
1681792980,+3.55,+26.923, +7.547,+0.940
1681793580,+3.55,+26.932, +7.569,+0.941
1681794180,+3.55,+26.932, +7.584,+0.941
1681794780,+3.55,+26.940, +7.629,+0.941
1681795380,+3.55,+26.923, +7.638,+0.941
1681795980,+3.55,+26.949, +7.652,+0.941
1681796580,+3.55,+26.957, +7.631,+0.940
1681797180,+3.55,+26.957, +7.636,+0.941
1681797780,+3.55,+26.974, +7.658,+0.941
1681798380,+3.55,+26.966, +7.683,+0.941
1681798980,+3.55,+26.991, +7.738,+0.941
1681799580,+3.55,+26.991, +7.724,+0.941
1681800180,+3.55,+26.974, +7.748,+0.941
1681800780,+3.55,+26.982, +7.771,+0.941
1681801380,+3.55,+27.008, +7.757,+0.940
1681801980,+3.55,+26.999, +7.802,+0.941
1681802580,+3.55,+27.033, +7.809,+0.940
1681803180,+3.55,+27.016, +7.844,+0.940
1681803780,+3.55,+27.033, +7.803,+0.940
1681804380,+3.55,+27.050, +7.850,+0.941
1681804980,+3.55,+27.059, +7.887,+0.941
1681805580,+3.55,+27.076, +7.890,+0.940
1681806180,+3.55,+27.093, +7.911,+0.940
1681806780,+3.55,+27.110, +7.902,+0.940
1681807380,+3.55,+27.127, +7.924,+0.941
1681807980,+3.55,+27.101, +7.907,+0.941
1681808580,+3.55,+27.152, +7.891,+0.940
1681809180,+3.55,+27.169, +7.940,+0.941
1681809780,+3.55,+27.161, +8.039,+0.941
1681810380,+3.55,+27.161, +8.162,+0.940
1681810980,+3.55,+27.195, +8.208,+0.940
1681811580,+3.55,+27.203, +8.234,+0.941
