7450-455549				
OS REV: 1.05 Sensor Cal: 1652978053				
Time (sec)	  BV (Volts)	  T (deg C)	  DO (mg/l)	  Q ()
1690361460	3.54	34.439	14.761	0.91
1690362060	3.54	34.421	12.802	0.913
1690362660	3.54	34.413	11.552	0.918
1690363260	3.54	34.421	10.407	0.919
1690363860	3.54	34.511	9.746	0.92
1690364460	3.54	34.591	9.441	0.921
1690365060	3.54	34.805	9.38	0.921
1690365660	3.53	34.984	9.414	0.921
1690366260	3.53	35.145	9.596	0.921
1690366860	3.53	35.262	9.703	0.921
1690367460	3.54	35.441	9.772	0.92
1690368060	3.54	35.558	9.825	0.921
1690368660	3.54	35.603	9.897	0.921
1690369260	3.54	35.702	9.931	0.92
1690369860	3.54	35.783	9.947	0.919
1690370460	3.54	35.918	10.004	0.919
1690371060	3.54	35.864	10.335	0.919
1690371660	3.54	35.891	10.233	0.919
1690372260	3.54	35.891	10.042	0.918
1690372860	3.54	35.999	10.095	0.918
1690373460	3.54	36.008	10.002	0.919
1690374060	3.54	35.927	9.893	0.919
1690374660	3.54	35.891	9.864	0.92
1690375260	3.54	35.936	9.887	0.919
1690375860	3.54	35.873	9.942	0.919
1690376460	3.54	35.855	9.823	0.919
1690377060	3.54	35.846	9.858	0.92
1690377660	3.54	35.801	9.824	0.919
1690378260	3.54	35.666	9.763	0.919
1690378860	3.54	35.549	9.688	0.92
1690379460	3.54	35.468	9.641	0.921
1690380060	3.54	35.324	9.659	0.921
1690380660	3.54	35.315	9.669	0.921
1690381260	3.54	35.378	9.651	0.921
1690381860	3.54	35.217	9.614	0.922
1690382460	3.54	35.109	9.585	0.923
1690383060	3.54	34.957	10.017	0.923
1690383660	3.54	34.689	10.02	0.924
1690384260	3.54	34.573	9.903	0.925
1690384860	3.54	34.519	9.784	0.924
1690385460	3.54	34.395	9.646	0.925
1690386060	3.54	34.341	9.521	0.925
1690386660	3.54	34.315	9.413	0.925
1690387260	3.54	34.199	9.307	0.925
1690387860	3.54	34.03	9.211	0.925
1690388460	3.54	33.915	9.137	0.925
1690389060	3.54	33.808	9.034	0.925
1690389660	3.54	33.693	8.93	0.926
1690390260	3.54	33.595	8.865	0.927
1690390860	3.54	33.498	8.79	0.927
1690391460	3.54	33.436	8.705	0.927
1690392060	3.54	33.383	8.625	0.927
1690392660	3.54	33.33	8.551	0.927
1690393260	3.54	33.312	8.472	0.927
1690393860	3.54	33.153	8.301	0.927
1690394460	3.54	33.065	8.137	0.927
1690395060	3.54	33.003	7.98	0.928
1690395660	3.54	32.977	7.804	0.927
1690396260	3.54	32.924	7.652	0.928
1690396860	3.54	32.933	7.559	0.928
1690397460	3.54	32.942	7.429	0.928
1690398060	3.54	32.977	7.345	0.928
1690398660	3.54	32.995	7.27	0.928
1690399260	3.54	33.065	7.257	0.928
1690399860	3.54	33.153	7.267	0.928
1690400460	3.54	33.224	7.225	0.928
1690401060	3.54	33.198	7.227	0.928
1690401660	3.54	33.171	7.17	0.928
1690402260	3.54	33.145	7.083	0.928
1690402860	3.54	33.153	7.001	0.928
1690403460	3.54	33.171	6.86	0.927
1690404060	3.54	33.268	6.789	0.927
1690404660	3.54	33.277	6.696	0.927
1690405260	3.54	33.321	6.589	0.927
1690405860	3.54	33.357	6.567	0.927
1690406460	3.54	33.295	6.492	0.927
1690407060	3.54	33.295	6.417	0.927
1690407660	3.54	33.277	6.374	0.926
1690408260	3.54	33.295	6.294	0.927
1690408860	3.54	33.251	6.195	0.927
1690409460	3.54	33.224	6.19	0.927
1690410060	3.54	33.215	6.186	0.927
1690410660	3.54	33.224	6.227	0.927
1690411260	3.54	33.224	6.242	0.927
1690411860	3.54	33.189	6.213	0.927
1690412460	3.54	33.153	6.074	0.927
1690413060	3.54	33.153	6.039	0.927
1690413660	3.54	33.242	5.986	0.928
1690414260	3.54	33.242	5.895	0.927
1690414860	3.54	33.251	5.822	0.927
1690415460	3.54	33.312	5.72	0.927
1690416060	3.54	33.321	5.595	0.926
1690416660	3.54	33.339	5.568	0.926
1690417260	3.54	33.348	5.572	0.926
1690417860	3.54	33.348	5.655	0.926
1690418460	3.54	33.365	5.704	0.927
1690419060	3.54	33.374	5.71	0.926
1690419660	3.54	33.339	5.769	0.927
1690420260	3.54	33.33	5.865	0.927
1690420860	3.54	33.286	6.008	0.927
1690421460	3.54	33.242	6.04	0.927
1690422060	3.54	33.109	5.949	0.927
1690422660	3.54	32.977	5.747	0.927
1690423260	3.54	32.871	5.701	0.928
1690423860	3.54	32.748	5.67	0.928
1690424460	3.54	32.66	5.698	0.928
1690425060	3.54	32.598	5.663	0.928
1690425660	3.54	32.528	5.591	0.928
1690426260	3.54	32.353	5.35	0.928
1690426860	3.54	32.221	5.189	0.928
1690427460	3.55	32.107	5.068	0.928
1690428060	3.54	31.958	4.897	0.929
1690428660	3.54	31.801	4.78	0.929
1690429260	3.54	31.722	4.598	0.929
1690429860	3.54	31.696	4.442	0.929
1690430460	3.54	31.609	4.115	0.928
1690431060	3.54	31.574	4.15	0.929
1690431660	3.54	31.696	4.349	0.93
1690432260	3.54	31.81	4.314	0.93
1690432860	3.54	32.011	4.602	0.93
1690433460	3.54	32.212	4.712	0.93
1690434060	3.54	32.388	4.862	0.929
1690434660	3.54	32.546	5.166	0.928
1690435260	3.54	32.686	5.451	0.928
1690435860	3.54	32.836	5.778	0.928
1690436460	3.54	32.959	6.057	0.928
1690437060	3.54	33.083	6.288	0.927
1690437660	3.54	33.233	6.565	0.928
1690438260	3.54	33.357	6.765	0.927
1690438860	3.54	33.48	6.945	0.927
1690439460	3.54	33.604	7.192	0.926
1690440060	3.54	33.719	7.324	0.926
1690440660	3.54	33.844	7.478	0.927
1690441260	3.54	33.968	7.624	0.925
1690441860	3.54	34.066	7.743	0.925
1690442460	3.54	34.172	7.913	0.925
1690443060	3.54	34.252	8.044	0.924
1690443660	3.54	34.359	8.126	0.924
1690444260	3.54	34.43	8.266	0.923
1690444860	3.54	34.413	8.283	0.923
1690445460	3.54	34.484	8.276	0.923
1690446060	3.54	34.627	8.492	0.922
1690446660	3.54	34.823	8.902	0.922
1690447260	3.54	34.85	8.873	0.923
1690447860	3.54	34.823	8.836	0.923
