7450-455549				
OS REV: 1.05 Sensor Cal: 1652978053				
Time (sec)	  BV (Volts)	  T (deg C)	  DO (mg/l)	  Q ()
1690274460	3.5	34.618	8.407	0.925
1690275060	3.5	34.734	8.437	0.925
1690275660	3.5	34.877	8.492	0.925
1690276260	3.51	34.939	8.693	0.924
1690276860	3.5	35.073	8.786	0.924
1690277460	3.51	34.832	8.414	0.924
1690278060	3.51	34.671	8.373	0.924
1690278660	3.51	34.635	8.356	0.925
1690279260	3.51	34.591	8.38	0.924
1690279860	3.51	34.662	8.404	0.925
1690280460	3.51	34.653	8.323	0.925
1690281060	3.51	34.635	8.229	0.925
1690281660	3.52	34.743	8.237	0.924
1690282260	3.51	34.877	8.401	0.924
1690282860	3.51	35.002	8.484	0.924
1690283460	3.51	35.19	8.839	0.923
1690284060	3.51	35.217	8.883	0.923
1690284660	3.52	35.495	9.293	0.922
1690285260	3.52	35.558	9.254	0.921
1690285860	3.52	35.594	9.429	0.921
1690286460	3.52	35.648	9.482	0.922
1690287060	3.52	35.819	9.763	0.92
1690287660	3.52	35.81	9.824	0.921
1690288260	3.52	35.846	9.784	0.92
1690288860	3.52	35.918	9.921	0.919
1690289460	3.52	36.035	10.018	0.92
1690290060	3.52	35.936	9.921	0.919
1690290660	3.52	35.801	9.709	0.92
1690291260	3.53	35.738	9.502	0.919
1690291860	3.53	35.567	9.161	0.921
1690292460	3.53	35.432	9.126	0.921
1690293060	3.53	35.378	9.05	0.922
1690293660	3.52	35.288	8.987	0.922
1690294260	3.52	35.235	8.915	0.923
1690294860	3.52	35.163	8.769	0.922
1690295460	3.53	35.109	8.609	0.924
1690296060	3.52	35.235	8.797	0.922
1690296660	3.53	35.181	8.801	0.923
1690297260	3.53	35.181	8.89	0.923
1690297860	3.53	34.984	8.403	0.923
1690298460	3.53	34.886	8.333	0.923
1690299060	3.53	34.921	8.428	0.924
1690299660	3.53	34.886	8.234	0.923
1690300260	3.53	34.984	8.705	0.924
1690300860	3.53	34.85	8.461	0.924
1690301460	3.53	34.662	8.196	0.924
1690302060	3.53	34.68	8.81	0.925
1690302660	3.53	34.519	8.426	0.924
1690303260	3.53	34.261	7.723	0.925
1690303860	3.53	34.163	7.3	0.925
1690304460	3.53	34.048	6.998	0.925
1690305060	3.53	34.039	7.111	0.926
1690305660	3.53	33.977	6.799	0.926
1690306260	3.53	33.923	7.154	0.927
1690306860	3.53	33.888	7.142	0.927
1690307460	3.53	33.799	6.667	0.926
1690308060	3.53	33.711	6.347	0.927
1690308660	3.53	33.711	6.483	0.927
1690309260	3.53	33.711	6.504	0.926
1690309860	3.53	33.684	6.522	0.927
1690310460	3.53	33.746	6.717	0.927
1690311060	3.53	33.755	6.916	0.928
1690311660	3.53	33.755	6.964	0.927
1690312260	3.53	33.764	7.213	0.927
1690312860	3.53	33.737	7.225	0.927
1690313460	3.53	33.746	7.193	0.928
1690314060	3.53	33.693	7.267	0.927
1690314660	3.53	33.657	7.235	0.927
1690315260	3.53	33.622	7.267	0.928
1690315860	3.53	33.613	7.167	0.927
1690316460	3.53	33.631	7.018	0.927
1690317060	3.53	33.675	6.567	0.927
1690317660	3.53	33.728	6.826	0.927
1690318260	3.53	33.746	7.045	0.927
1690318860	3.53	33.737	7.104	0.927
1690319460	3.53	33.808	6.866	0.927
1690320060	3.53	33.861	6.466	0.926
1690320660	3.53	33.79	6.342	0.926
1690321260	3.54	33.64	6.321	0.927
1690321860	3.54	33.56	6.511	0.927
1690322460	3.54	33.578	6.66	0.927
1690323060	3.54	33.569	6.854	0.927
1690323660	3.54	33.507	6.846	0.927
1690324260	3.54	33.498	6.812	0.928
1690324860	3.54	33.507	6.799	0.928
1690325460	3.54	33.516	6.2	0.927
1690326060	3.54	33.436	6.123	0.927
1690326660	3.54	33.18	6.339	0.928
1690327260	3.53	33.056	6.169	0.928
1690327860	3.53	32.995	6.015	0.928
1690328460	3.53	32.968	5.926	0.928
1690329060	3.53	32.924	5.767	0.928
1690329660	3.53	32.906	5.426	0.928
1690330260	3.53	32.889	5.304	0.928
1690330860	3.53	32.889	5.315	0.928
1690331460	3.53	32.915	5.352	0.928
1690332060	3.53	32.924	5.239	0.928
1690332660	3.53	32.898	5.618	0.929
1690333260	3.53	32.906	5.561	0.928
1690333860	3.53	32.898	5.438	0.928
1690334460	3.53	32.88	5.469	0.929
1690335060	3.53	32.88	5.498	0.928
1690335660	3.54	32.871	5.387	0.929
1690336260	3.53	32.818	5.252	0.928
1690336860	3.53	32.81	5.278	0.928
1690337460	3.54	32.81	5.252	0.929
1690338060	3.54	32.871	5.345	0.928
1690338660	3.53	32.898	5.576	0.928
1690339260	3.53	32.915	5.689	0.928
1690339860	3.53	32.915	5.595	0.928
1690340460	3.53	32.871	5.725	0.928
1690341060	3.53	32.836	5.784	0.929
1690341660	3.54	32.862	5.728	0.928
1690342260	3.53	32.871	5.715	0.929
1690342860	3.53	32.871	5.723	0.928
1690343460	3.53	32.88	5.642	0.928
1690344060	3.53	32.871	5.549	0.928
1690344660	3.53	32.88	5.707	0.929
1690345260	3.53	32.889	5.831	0.928
1690345860	3.53	32.915	5.879	0.928
1690346460	3.53	32.942	5.886	0.928
1690347060	3.53	33.021	5.921	0.928
1690347660	3.54	33.092	5.959	0.928
1690348260	3.54	33.127	5.989	0.928
1690348860	3.54	33.136	5.985	0.928
1690349460	3.54	33.074	5.983	0.928
1690350060	3.54	33.1	6.009	0.928
1690350660	3.54	33.136	6.002	0.928
1690351260	3.54	33.268	6.076	0.927
1690351860	3.54	33.339	6.05	0.927
1690352460	3.54	33.41	6.11	0.927
1690353060	3.54	33.542	6.299	0.927
1690353660	3.54	33.516	6.754	0.924
1690354260	3.54	33.551	6.497	0.926
1690354860	3.54	33.649	6.66	0.926
1690355460	3.54	33.746	6.65	0.926
1690356060	3.53	33.923	6.735	0.926
1690356660	3.53	33.923	6.851	0.921
1690357260	3.53	34.092	7.233	0.919
1690357860	3.53	34.199	7.611	0.922
1690358460	3.53	34.172	7.312	0.924
1690359060	3.53	34.172	7.277	0.925
1690359660	3.54	34.306	7.457	0.924
1690360260	3.54	34.386	7.479	0.924
1690360860	3.54	34.448	13.468	0.879
