7450-062224
OS REV: 1.05 Sensor Cal: 1657827704
Time (sec),  BV (Volts),  T (deg C),  DO (mg/l),  Q ()
1691057460,+3.55,+36.299, +8.859,+0.959
1691058060,+3.55,+36.416, +8.938,+0.960
1691058660,+3.55,+36.416, +8.966,+0.960
1691059260,+3.55,+36.443, +9.186,+0.961
1691059860,+3.55,+36.443, +9.523,+0.960
1691060460,+3.55,+36.443, +9.622,+0.961
1691061060,+3.55,+36.452, +9.831,+0.960
1691061660,+3.55,+36.443,+10.289,+0.959
1691062260,+3.55,+36.452,+10.368,+0.960
1691062860,+3.55,+36.452,+10.822,+0.959
1691063460,+3.55,+36.443,+10.781,+0.959
1691064060,+3.55,+36.443,+10.769,+0.961
1691064660,+3.55,+36.461,+10.545,+0.960
1691065260,+3.55,+36.434,+10.399,+0.962
1691065860,+3.55,+36.434,+10.214,+0.961
1691066460,+3.55,+36.452,+10.127,+0.960
1691067060,+3.55,+36.389,+10.359,+0.960
1691067660,+3.55,+36.281,+10.376,+0.961
1691068260,+3.55,+36.155,+10.232,+0.963
1691068860,+3.55,+36.056,+10.067,+0.963
1691069460,+3.56,+35.858, +9.924,+0.964
1691070060,+3.56,+35.759,+10.085,+0.965
1691070660,+3.56,+35.723, +9.915,+0.964
1691071260,+3.56,+35.562, +9.828,+0.965
1691071860,+3.56,+35.392, +9.703,+0.966
1691072460,+3.55,+35.177, +9.626,+0.967
1691073060,+3.55,+35.070, +9.519,+0.968
1691073660,+3.56,+35.025, +9.436,+0.968
1691074260,+3.56,+34.864,+10.431,+0.965
1691074860,+3.56,+34.660,+10.251,+0.969
1691075460,+3.56,+34.419, +9.999,+0.970
1691076060,+3.56,+34.250, +9.751,+0.971
1691076660,+3.56,+34.091, +9.530,+0.972
1691077260,+3.56,+34.011, +9.424,+0.973
1691077860,+3.56,+33.834, +9.209,+0.972
1691078460,+3.56,+33.763, +9.008,+0.972
1691079060,+3.56,+33.719, +8.943,+0.972
1691079660,+3.56,+33.595, +8.760,+0.973
1691080260,+3.56,+33.498, +8.544,+0.974
1691080860,+3.56,+33.445, +8.342,+0.974
1691081460,+3.56,+33.383, +8.165,+0.973
1691082060,+3.56,+33.339, +7.981,+0.973
1691082660,+3.56,+33.321, +7.796,+0.972
1691083260,+3.56,+33.304, +7.627,+0.973
1691083860,+3.56,+33.286, +7.463,+0.973
1691084460,+3.56,+33.251, +7.289,+0.973
1691085060,+3.56,+33.224, +7.144,+0.974
1691085660,+3.56,+33.224, +6.994,+0.973
1691086260,+3.56,+33.162, +6.865,+0.973
1691086860,+3.56,+33.154, +6.738,+0.973
1691087460,+3.56,+33.127, +6.623,+0.973
1691088060,+3.56,+33.118, +6.513,+0.974
1691088660,+3.56,+33.083, +6.443,+0.973
1691089260,+3.56,+33.030, +6.372,+0.973
1691089860,+3.56,+33.030, +6.301,+0.973
1691090460,+3.56,+33.004, +6.267,+0.973
1691091060,+3.56,+32.978, +6.213,+0.973
1691091660,+3.56,+32.942, +6.156,+0.973
1691092260,+3.56,+32.916, +6.075,+0.974
1691092860,+3.56,+32.942, +6.013,+0.974
1691093460,+3.56,+32.995, +5.969,+0.973
1691094060,+3.56,+33.039, +5.911,+0.973
1691094660,+3.56,+33.162, +5.885,+0.973
1691095260,+3.56,+33.233, +5.844,+0.973
1691095860,+3.56,+33.268, +5.826,+0.973
1691096460,+3.56,+33.215, +5.805,+0.973
1691097060,+3.56,+33.233, +5.780,+0.972
1691097660,+3.56,+33.268, +5.761,+0.973
1691098260,+3.56,+33.286, +5.744,+0.972
1691098860,+3.56,+33.268, +5.727,+0.973
1691099460,+3.56,+33.136, +5.695,+0.973
1691100060,+3.56,+33.066, +5.647,+0.973
1691100660,+3.56,+33.022, +5.570,+0.973
1691101260,+3.56,+32.969, +5.514,+0.973
1691101860,+3.56,+32.978, +5.464,+0.973
1691102460,+3.56,+32.978, +5.424,+0.973
1691103060,+3.56,+32.960, +5.390,+0.973
1691103660,+3.56,+32.881, +5.358,+0.973
1691104260,+3.56,+32.810, +5.316,+0.973
1691104860,+3.56,+32.775, +5.291,+0.973
1691105460,+3.56,+32.740, +5.287,+0.973
1691106060,+3.56,+32.687, +5.333,+0.974
1691106660,+3.56,+32.354, +5.187,+0.973
1691107260,+3.56,+32.013, +5.050,+0.974
1691107860,+3.56,+32.065, +4.971,+0.975
1691108460,+3.56,+31.890, +4.868,+0.975
1691109060,+3.56,+31.663, +4.730,+0.975
1691109660,+3.56,+31.515, +4.533,+0.975
1691110260,+3.56,+31.376, +4.450,+0.976
1691110860,+3.56,+31.289, +4.350,+0.976
1691111460,+3.56,+31.211, +4.196,+0.975
1691112060,+3.56,+31.211, +4.063,+0.975
1691112660,+3.56,+31.228, +3.922,+0.975
1691113260,+3.56,+31.263, +3.808,+0.975
1691113860,+3.56,+31.272, +3.684,+0.975
1691114460,+3.56,+31.315, +3.597,+0.975
1691115060,+3.56,+31.324, +3.466,+0.975
1691115660,+3.56,+31.332, +3.396,+0.976
1691116260,+3.56,+31.350, +3.318,+0.975
1691116860,+3.56,+31.350, +3.223,+0.975
1691117460,+3.56,+31.402, +3.151,+0.975
1691118060,+3.56,+31.524, +3.109,+0.975
1691118660,+3.56,+31.681, +3.087,+0.975
1691119260,+3.56,+31.777, +3.133,+0.975
1691119860,+3.56,+31.794, +3.161,+0.975
1691120460,+3.55,+31.855, +3.265,+0.976
1691121060,+3.56,+31.960, +3.325,+0.975
1691121660,+3.56,+32.118, +3.435,+0.975
1691122260,+3.56,+32.205, +3.601,+0.975
1691122860,+3.56,+32.302, +3.760,+0.974
1691123460,+3.56,+32.389, +3.876,+0.973
1691124060,+3.56,+32.477, +4.121,+0.973
1691124660,+3.56,+32.494, +4.275,+0.973
1691125260,+3.56,+32.556, +4.409,+0.973
1691125860,+3.55,+32.863, +4.858,+0.973
1691126460,+3.55,+32.898, +5.018,+0.972
1691127060,+3.55,+33.022, +5.201,+0.972
1691127660,+3.56,+33.092, +5.452,+0.972
1691128260,+3.56,+33.083, +5.569,+0.972
1691128860,+3.56,+33.127, +5.587,+0.972
1691129460,+3.56,+33.224, +5.791,+0.971
1691130060,+3.56,+33.348, +5.964,+0.971
1691130660,+3.56,+33.515, +6.273,+0.972
1691131260,+3.56,+33.630, +6.445,+0.971
1691131860,+3.56,+33.692, +6.642,+0.971
1691132460,+3.56,+33.666, +6.551,+0.971
1691133060,+3.56,+33.648, +6.458,+0.969
1691133660,+3.55,+33.834, +6.801,+0.971
1691134260,+3.55,+34.197, +7.118,+0.970
1691134860,+3.56,+34.464, +7.436,+0.969
1691135460,+3.56,+34.588, +7.666,+0.968
1691136060,+3.56,+34.642, +7.738,+0.969
1691136660,+3.56,+34.740, +7.809,+0.967
1691137260,+3.56,+34.811, +7.850,+0.966
1691137860,+3.55,+34.793, +7.966,+0.967
1691138460,+3.56,+34.784, +8.165,+0.968
1691139060,+3.55,+34.847, +8.266,+0.968
1691139660,+3.55,+34.927, +8.429,+0.967
1691140260,+3.55,+34.989, +8.739,+0.968
1691140860,+3.55,+35.114, +9.179,+0.967
1691141460,+3.55,+35.168, +9.138,+0.967
1691142060,+3.55,+35.213, +9.257,+0.966
1691142660,+3.55,+35.257, +9.530,+0.967
1691143260,+3.55,+35.365, +9.815,+0.967
1691143860,+3.56,+35.427,+10.025,+0.965
