7450-062224
OS REV: 1.05 Sensor Cal: 1657827704
Time (sec),  BV (Volts),  T (deg C),  DO (mg/l),  Q ()
1691144460,+3.56,+35.571,+10.087,+0.965
1691145060,+3.56,+35.607,+10.082,+0.965
1691145660,+3.56,+35.678,+10.106,+0.965
1691146260,+3.55,+35.804,+10.146,+0.964
1691146860,+3.55,+35.894,+10.164,+0.964
1691147460,+3.55,+36.047,+10.127,+0.963
1691148060,+3.55,+36.110,+10.218,+0.963
1691148660,+3.55,+36.137,+10.203,+0.962
1691149260,+3.55,+36.137,+10.364,+0.962
1691149860,+3.55,+36.119,+10.512,+0.961
1691150460,+3.55,+36.074,+10.382,+0.963
1691151060,+3.55,+35.957,+10.156,+0.962
1691151660,+3.55,+35.948,+10.247,+0.963
1691152260,+3.55,+35.939,+10.326,+0.964
1691152860,+3.55,+35.912,+10.654,+0.962
1691153460,+3.56,+35.759,+10.526,+0.963
1691154060,+3.56,+35.678,+10.557,+0.964
1691154660,+3.56,+35.526,+10.582,+0.965
1691155260,+3.55,+35.347,+10.579,+0.966
1691155860,+3.55,+35.177,+10.407,+0.965
1691156460,+3.55,+35.007,+10.286,+0.967
1691157060,+3.56,+34.882,+10.112,+0.967
1691157660,+3.56,+34.775, +9.941,+0.968
1691158260,+3.56,+34.677, +9.826,+0.970
1691158860,+3.56,+34.624, +9.665,+0.969
1691159460,+3.56,+34.553, +9.626,+0.969
1691160060,+3.56,+34.384, +9.734,+0.969
1691160660,+3.56,+34.250, +9.623,+0.970
1691161260,+3.55,+34.135, +9.575,+0.970
1691161860,+3.55,+33.993, +9.470,+0.971
1691162460,+3.56,+33.860, +9.194,+0.971
1691163060,+3.56,+33.674, +8.875,+0.971
1691163660,+3.56,+33.524, +8.593,+0.972
1691164260,+3.56,+33.418, +8.297,+0.972
1691164860,+3.56,+33.312, +8.043,+0.972
1691165460,+3.56,+33.242, +7.743,+0.972
1691166060,+3.56,+33.154, +7.518,+0.973
1691166660,+3.56,+33.118, +7.251,+0.973
1691167260,+3.56,+33.066, +7.035,+0.972
1691167860,+3.56,+33.057, +6.848,+0.973
1691168460,+3.56,+33.022, +6.656,+0.972
1691169060,+3.56,+33.066, +6.455,+0.972
1691169660,+3.56,+33.127, +6.311,+0.972
1691170260,+3.56,+33.171, +6.210,+0.973
1691170860,+3.56,+33.251, +6.131,+0.972
1691171460,+3.56,+33.277, +6.018,+0.972
1691172060,+3.56,+33.321, +5.989,+0.972
1691172660,+3.56,+33.418, +6.001,+0.972
1691173260,+3.56,+33.551, +6.056,+0.972
1691173860,+3.56,+33.551, +6.003,+0.972
1691174460,+3.56,+33.533, +5.954,+0.972
1691175060,+3.56,+33.560, +5.917,+0.972
1691175660,+3.56,+33.613, +5.920,+0.972
1691176260,+3.56,+33.630, +5.835,+0.971
1691176860,+3.56,+33.533, +5.740,+0.972
1691177460,+3.56,+33.498, +5.647,+0.971
1691178060,+3.56,+33.507, +5.547,+0.971
1691178660,+3.56,+33.515, +5.495,+0.971
1691179260,+3.56,+33.489, +5.464,+0.972
1691179860,+3.56,+33.462, +5.451,+0.971
1691180460,+3.56,+33.462, +5.377,+0.971
1691181060,+3.56,+33.409, +5.416,+0.971
1691181660,+3.56,+33.392, +5.318,+0.971
1691182260,+3.56,+33.330, +5.295,+0.971
1691182860,+3.56,+33.268, +5.228,+0.971
1691183460,+3.56,+33.162, +5.196,+0.972
1691184060,+3.56,+33.092, +5.167,+0.972
1691184660,+3.55,+33.004, +5.125,+0.972
1691185260,+3.56,+33.004, +5.048,+0.972
1691185860,+3.56,+32.881, +4.847,+0.971
1691186460,+3.56,+32.793, +4.735,+0.972
1691187060,+3.56,+32.696, +4.626,+0.972
1691187660,+3.56,+32.661, +4.488,+0.972
1691188260,+3.56,+32.644, +4.386,+0.972
1691188860,+3.56,+32.608, +4.194,+0.970
1691189460,+3.56,+32.635, +4.046,+0.969
1691190060,+3.56,+32.679, +3.985,+0.970
1691190660,+3.56,+32.608, +3.867,+0.968
1691191260,+3.56,+32.529, +3.756,+0.969
1691191860,+3.56,+32.450, +3.679,+0.968
1691192460,+3.56,+32.459, +3.495,+0.967
1691193060,+3.56,+32.433, +3.395,+0.967
1691193660,+3.56,+32.442, +3.344,+0.968
1691194260,+3.56,+32.398, +3.311,+0.968
1691194860,+3.56,+32.372, +3.228,+0.968
1691195460,+3.56,+32.442, +3.216,+0.969
1691196060,+3.56,+32.486, +3.183,+0.969
1691196660,+3.56,+32.556, +3.193,+0.969
1691197260,+3.56,+32.652, +3.351,+0.971
1691197860,+3.56,+32.380, +3.207,+0.971
1691198460,+3.56,+32.240, +2.955,+0.969
1691199060,+3.56,+32.302, +2.917,+0.970
1691199660,+3.56,+32.205, +2.796,+0.969
1691200260,+3.56,+32.293, +2.776,+0.970
1691200860,+3.56,+32.468, +2.719,+0.970
1691201460,+3.56,+32.459, +2.561,+0.969
1691202060,+3.56,+32.600, +2.582,+0.969
1691202660,+3.56,+32.644, +2.569,+0.970
1691203260,+3.56,+32.661, +2.577,+0.970
1691203860,+3.55,+32.881, +2.738,+0.970
1691204460,+3.56,+33.251, +3.250,+0.970
1691205060,+3.56,+33.692, +4.029,+0.967
1691205660,+3.56,+33.772, +4.547,+0.968
1691206260,+3.56,+33.789, +4.976,+0.969
1691206860,+3.55,+33.789, +5.254,+0.969
1691207460,+3.56,+33.798, +5.514,+0.970
1691208060,+3.55,+33.816, +5.751,+0.970
1691208660,+3.55,+33.825, +5.948,+0.970
1691209260,+3.55,+33.851, +6.117,+0.970
1691209860,+3.55,+33.860, +6.364,+0.971
1691210460,+3.55,+33.843, +6.612,+0.971
1691211060,+3.55,+33.905, +6.749,+0.971
1691211660,+3.55,+33.905, +6.886,+0.970
1691212260,+3.55,+33.931, +7.087,+0.971
1691212860,+3.55,+33.967, +7.262,+0.970
1691213460,+3.55,+33.993, +7.300,+0.970
1691214060,+3.55,+34.046, +7.497,+0.971
1691214660,+3.55,+34.046, +7.592,+0.970
1691215260,+3.55,+34.100, +7.813,+0.970
1691215860,+3.55,+34.144, +7.858,+0.970
1691216460,+3.56,+34.215, +8.088,+0.969
1691217060,+3.56,+34.286, +8.413,+0.971
1691217660,+3.56,+34.330, +8.287,+0.970
1691218260,+3.56,+34.428, +8.588,+0.969
1691218860,+3.56,+34.393, +8.393,+0.969
1691219460,+3.56,+34.437, +8.642,+0.969
1691220060,+3.56,+34.482, +8.618,+0.970
1691220660,+3.56,+34.615, +8.873,+0.968
1691221260,+3.56,+34.651, +9.027,+0.968
1691221860,+3.56,+34.722, +9.282,+0.968
1691222460,+3.56,+34.740, +7.258,+0.968
1691223060,+3.56,+34.802, +7.442,+0.969
1691223660,+3.55,+34.945, +7.608,+0.967
1691224260,+3.55,+35.025, +7.775,+0.968
1691224860,+3.55,+35.159, +7.954,+0.966
1691225460,+3.55,+35.248, +8.102,+0.967
1691226060,+3.55,+35.320, +8.148,+0.966
1691226660,+3.56,+35.472, +8.403,+0.966
1691227260,+3.56,+35.678, +8.709,+0.964
1691227860,+3.56,+35.867, +9.087,+0.964
1691228460,+3.55,+36.074, +9.420,+0.962
1691229060,+3.55,+36.227, +9.683,+0.963
1691229660,+3.55,+36.272, +9.688,+0.963
1691230260,+3.55,+36.308, +9.757,+0.961
1691230860,+3.55,+36.317, +9.858,+0.962
