7450-062224
OS REV: 1.05 Sensor Cal: 1657827704
Time (sec),  BV (Volts),  T (deg C),  DO (mg/l),  Q ()
1691318460,+3.55,+35.867, +9.464,+0.966
1691319060,+3.55,+35.858, +9.470,+0.964
1691319660,+3.55,+35.912, +9.530,+0.965
1691320260,+3.55,+35.921,+10.233,+0.962
1691320860,+3.55,+35.975,+10.158,+0.962
1691321460,+3.55,+36.029, +9.994,+0.963
1691322060,+3.55,+36.074, +9.781,+0.963
1691322660,+3.55,+36.038, +9.591,+0.963
1691323260,+3.55,+36.110, +9.639,+0.963
1691323860,+3.55,+36.029, +9.669,+0.964
1691324460,+3.55,+36.074, +9.689,+0.962
1691325060,+3.55,+36.092, +9.782,+0.962
1691325660,+3.55,+36.083, +9.700,+0.962
1691326260,+3.55,+35.948, +9.794,+0.963
1691326860,+3.56,+35.795, +9.901,+0.964
1691327460,+3.56,+35.732, +9.792,+0.965
1691328060,+3.56,+35.678, +9.662,+0.965
1691328660,+3.56,+35.589, +9.881,+0.965
1691329260,+3.56,+35.580,+10.690,+0.959
1691329860,+3.56,+35.553,+11.073,+0.958
1691330460,+3.56,+35.517,+10.742,+0.962
1691331060,+3.56,+35.374,+10.423,+0.964
1691331660,+3.55,+35.257,+10.132,+0.965
1691332260,+3.55,+35.159, +9.955,+0.967
1691332860,+3.55,+35.061, +9.712,+0.967
1691333460,+3.56,+34.891, +9.417,+0.968
1691334060,+3.56,+34.677, +9.133,+0.968
1691334660,+3.56,+34.517, +8.896,+0.970
1691335260,+3.56,+34.366, +8.628,+0.969
1691335860,+3.56,+34.188, +8.391,+0.970
1691336460,+3.55,+34.091, +8.216,+0.972
1691337060,+3.56,+33.975, +7.969,+0.972
1691337660,+3.56,+33.843, +7.699,+0.972
1691338260,+3.56,+33.719, +7.427,+0.970
1691338860,+3.56,+33.604, +7.209,+0.971
1691339460,+3.56,+33.524, +7.001,+0.972
1691340060,+3.56,+33.454, +6.797,+0.972
1691340660,+3.56,+33.409, +6.647,+0.972
1691341260,+3.56,+33.383, +6.484,+0.972
1691341860,+3.56,+33.374, +6.372,+0.972
1691342460,+3.56,+33.409, +6.244,+0.972
1691343060,+3.56,+33.339, +6.240,+0.972
1691343660,+3.56,+33.145, +6.167,+0.972
1691344260,+3.56,+33.136, +6.067,+0.973
1691344860,+3.56,+33.198, +5.971,+0.973
1691345460,+3.56,+33.215, +5.887,+0.972
1691346060,+3.56,+33.268, +5.817,+0.972
1691346660,+3.56,+33.304, +5.705,+0.972
1691347260,+3.56,+33.392, +5.722,+0.972
1691347860,+3.56,+33.471, +5.611,+0.972
1691348460,+3.56,+33.710, +5.929,+0.972
1691349060,+3.56,+33.825, +6.072,+0.972
1691349660,+3.56,+33.736, +5.891,+0.972
1691350260,+3.56,+33.692, +5.756,+0.971
1691350860,+3.56,+33.630, +5.563,+0.972
1691351460,+3.56,+33.630, +5.372,+0.971
1691352060,+3.56,+33.710, +5.637,+0.971
1691352660,+3.56,+33.728, +5.622,+0.971
1691353260,+3.56,+33.728, +5.619,+0.972
1691353860,+3.56,+33.763, +5.884,+0.972
1691354460,+3.56,+33.754, +5.828,+0.972
1691355060,+3.56,+33.692, +5.841,+0.972
1691355660,+3.56,+33.630, +5.752,+0.972
1691356260,+3.56,+33.524, +5.651,+0.972
1691356860,+3.56,+33.498, +5.632,+0.973
1691357460,+3.56,+33.418, +5.471,+0.972
1691358060,+3.56,+33.409, +5.400,+0.972
1691358660,+3.56,+33.383, +5.448,+0.973
1691359260,+3.56,+33.374, +5.679,+0.973
1691359860,+3.56,+33.383, +5.874,+0.973
1691360460,+3.56,+33.339, +5.912,+0.973
1691361060,+3.56,+33.277, +6.002,+0.973
1691361660,+3.56,+33.224, +6.022,+0.973
1691362260,+3.56,+32.978, +5.844,+0.974
1691362860,+3.56,+32.696, +5.595,+0.974
1691363460,+3.56,+32.363, +5.289,+0.974
1691364060,+3.56,+32.258, +4.980,+0.974
1691364660,+3.56,+32.170, +4.799,+0.974
1691365260,+3.56,+32.030, +4.721,+0.975
1691365860,+3.56,+31.873, +4.513,+0.974
1691366460,+3.56,+31.777, +4.316,+0.975
1691367060,+3.56,+31.559, +4.034,+0.975
1691367660,+3.56,+31.402, +3.949,+0.975
1691368260,+3.56,+31.341, +3.860,+0.976
1691368860,+3.56,+31.280, +3.798,+0.976
1691369460,+3.56,+31.167, +3.828,+0.977
1691370060,+3.56,+31.089, +3.670,+0.976
1691370660,+3.56,+31.037, +3.573,+0.977
1691371260,+3.56,+30.907, +3.501,+0.977
1691371860,+3.56,+30.889, +3.487,+0.977
1691372460,+3.56,+30.829, +3.510,+0.977
1691373060,+3.56,+30.993, +3.552,+0.977
1691373660,+3.56,+31.159, +3.717,+0.977
1691374260,+3.56,+31.341, +3.678,+0.977
1691374860,+3.56,+31.524, +3.699,+0.976
1691375460,+3.56,+31.620, +3.745,+0.976
1691376060,+3.56,+31.663, +3.845,+0.976
1691376660,+3.56,+31.733, +3.890,+0.976
1691377260,+3.56,+31.759, +3.923,+0.976
1691377860,+3.56,+31.829, +4.038,+0.976
1691378460,+3.56,+32.074, +4.374,+0.976
1691379060,+3.56,+32.205, +4.336,+0.975
1691379660,+3.56,+32.275, +4.393,+0.975
1691380260,+3.56,+32.196, +4.202,+0.975
1691380860,+3.56,+32.048, +4.353,+0.975
1691381460,+3.56,+32.013, +4.420,+0.975
1691382060,+3.56,+32.100, +4.642,+0.975
1691382660,+3.56,+32.231, +4.885,+0.975
1691383260,+3.56,+32.450, +5.098,+0.974
1691383860,+3.56,+32.705, +5.549,+0.974
1691384460,+3.56,+33.154, +6.038,+0.974
1691385060,+3.56,+33.339, +6.391,+0.973
1691385660,+3.56,+33.666, +6.801,+0.972
1691386260,+3.55,+33.816, +7.067,+0.971
1691386860,+3.55,+33.869, +7.116,+0.971
1691387460,+3.55,+33.896, +7.139,+0.972
1691388060,+3.55,+33.922, +7.249,+0.971
1691388660,+3.55,+33.922, +7.183,+0.971
1691389260,+3.55,+33.967, +7.269,+0.972
1691389860,+3.55,+34.020, +7.406,+0.970
1691390460,+3.55,+34.117, +7.571,+0.971
1691391060,+3.56,+34.233, +7.868,+0.971
1691391660,+3.56,+34.348, +8.128,+0.971
1691392260,+3.56,+34.455, +8.293,+0.969
1691392860,+3.56,+34.606, +8.478,+0.969
1691393460,+3.56,+34.588, +8.600,+0.969
1691394060,+3.56,+34.624, +8.644,+0.969
1691394660,+3.55,+34.740, +8.784,+0.968
1691395260,+3.55,+34.740, +8.600,+0.969
1691395860,+3.55,+34.900, +8.869,+0.968
1691396460,+3.55,+35.088, +9.256,+0.969
1691397060,+3.55,+35.257, +9.532,+0.966
1691397660,+3.55,+35.383, +9.784,+0.967
1691398260,+3.56,+35.508, +9.983,+0.965
1691398860,+3.56,+35.678,+10.276,+0.965
1691399460,+3.56,+35.562,+10.048,+0.966
1691400060,+3.56,+35.705,+10.397,+0.965
1691400660,+3.55,+35.831,+10.568,+0.965
1691401260,+3.55,+36.038,+10.938,+0.965
1691401860,+3.55,+36.218,+11.198,+0.963
1691402460,+3.55,+36.263,+11.102,+0.964
1691403060,+3.55,+36.389,+11.265,+0.963
1691403660,+3.55,+36.443,+11.356,+0.962
1691404260,+3.55,+36.452,+11.312,+0.961
1691404860,+3.55,+36.434,+11.234,+0.962
