7450-213127
OS REV: 1.05 Sensor Cal: 1657827595
Time (sec),  BV (Volts),  T (deg C),  DO (mg/l),  Q ()
1690274460,+3.51,+34.608, +8.457,+0.915
1690275060,+3.51,+34.787, +8.506,+0.914
1690275660,+3.51,+34.885, +8.584,+0.915
1690276260,+3.51,+34.939, +8.643,+0.915
1690276860,+3.51,+35.037, +8.718,+0.915
1690277460,+3.52,+34.591, +8.348,+0.916
1690278060,+3.52,+34.546, +8.336,+0.916
1690278660,+3.52,+34.537, +8.298,+0.916
1690279260,+3.52,+34.475, +8.220,+0.916
1690279860,+3.52,+34.475, +8.142,+0.916
1690280460,+3.52,+34.439, +8.165,+0.916
1690281060,+3.52,+34.457, +8.001,+0.916
1690281660,+3.52,+34.573, +8.134,+0.916
1690282260,+3.52,+34.707, +8.301,+0.916
1690282860,+3.52,+34.832, +8.335,+0.914
1690283460,+3.52,+34.957, +8.703,+0.915
1690284060,+3.52,+35.109, +8.818,+0.915
1690284660,+3.52,+35.279, +9.016,+0.915
1690285260,+3.52,+35.360, +9.042,+0.914
1690285860,+3.52,+35.360, +9.202,+0.915
1690286460,+3.52,+35.450, +9.244,+0.914
1690287060,+3.53,+35.602, +9.685,+0.914
1690287660,+3.53,+35.423, +9.197,+0.914
1690288260,+3.53,+35.548, +9.453,+0.915
1690288860,+3.53,+35.620, +9.539,+0.914
1690289460,+3.53,+35.701, +9.592,+0.913
1690290060,+3.53,+35.593, +9.354,+0.913
1690290660,+3.53,+35.378, +9.265,+0.914
1690291260,+3.53,+35.477, +9.371,+0.915
1690291860,+3.53,+35.369, +9.201,+0.915
1690292460,+3.53,+35.127, +8.681,+0.915
1690293060,+3.53,+35.002, +8.538,+0.916
1690293660,+3.53,+34.957, +8.517,+0.916
1690294260,+3.53,+34.912, +8.588,+0.916
1690294860,+3.53,+34.921, +8.552,+0.916
1690295460,+3.53,+34.984, +8.652,+0.916
1690296060,+3.53,+34.993, +8.642,+0.917
1690296660,+3.53,+34.948, +8.535,+0.917
1690297260,+3.53,+34.876, +8.427,+0.916
1690297860,+3.53,+34.903, +8.572,+0.917
1690298460,+3.53,+34.760, +8.184,+0.916
1690299060,+3.53,+34.680, +8.045,+0.917
1690299660,+3.53,+34.662, +7.978,+0.916
1690300260,+3.53,+34.653, +8.015,+0.917
1690300860,+3.53,+34.510, +7.507,+0.918
1690301460,+3.53,+34.528, +7.916,+0.917
1690302060,+3.53,+34.707, +9.212,+0.918
1690302660,+3.54,+34.546, +8.381,+0.918
1690303260,+3.54,+34.243, +7.713,+0.917
1690303860,+3.53,+34.092, +7.217,+0.918
1690304460,+3.53,+34.003, +6.731,+0.918
1690305060,+3.53,+33.959, +6.719,+0.919
1690305660,+3.53,+33.932, +6.713,+0.919
1690306260,+3.53,+33.950, +7.383,+0.919
1690306860,+3.53,+33.888, +7.021,+0.919
1690307460,+3.54,+33.746, +6.664,+0.920
1690308060,+3.54,+33.684, +6.115,+0.919
1690308660,+3.54,+33.657, +6.158,+0.919
1690309260,+3.54,+33.648, +6.357,+0.920
1690309860,+3.54,+33.666, +6.684,+0.919
1690310460,+3.54,+33.737, +6.874,+0.920
1690311060,+3.54,+33.711, +6.797,+0.920
1690311660,+3.54,+33.728, +6.884,+0.920
1690312260,+3.54,+33.746, +7.288,+0.920
1690312860,+3.54,+33.737, +7.220,+0.919
1690313460,+3.54,+33.693, +7.271,+0.920
1690314060,+3.54,+33.666, +7.226,+0.919
1690314660,+3.54,+33.613, +7.260,+0.920
1690315260,+3.54,+33.604, +7.220,+0.920
1690315860,+3.54,+33.587, +7.164,+0.920
1690316460,+3.54,+33.595, +7.009,+0.920
1690317060,+3.54,+33.631, +6.614,+0.920
1690317660,+3.54,+33.702, +6.623,+0.920
1690318260,+3.54,+33.737, +6.957,+0.920
1690318860,+3.54,+33.719, +7.151,+0.920
1690319460,+3.54,+33.781, +6.923,+0.920
1690320060,+3.54,+33.826, +6.530,+0.919
1690320660,+3.54,+33.781, +6.290,+0.920
1690321260,+3.54,+33.613, +6.295,+0.920
1690321860,+3.54,+33.525, +6.555,+0.920
1690322460,+3.54,+33.560, +6.642,+0.920
1690323060,+3.54,+33.569, +6.818,+0.920
1690323660,+3.54,+33.525, +6.837,+0.920
1690324260,+3.54,+33.498, +6.814,+0.920
1690324860,+3.54,+33.489, +6.790,+0.921
1690325460,+3.54,+33.463, +6.426,+0.920
1690326060,+3.54,+33.427, +6.018,+0.920
1690326660,+3.54,+33.189, +6.256,+0.920
1690327260,+3.54,+33.048, +6.143,+0.921
1690327860,+3.54,+32.977, +6.000,+0.921
1690328460,+3.54,+32.951, +5.834,+0.921
1690329060,+3.54,+32.915, +5.711,+0.920
1690329660,+3.54,+32.889, +5.457,+0.921
1690330260,+3.54,+32.863, +5.341,+0.921
1690330860,+3.54,+32.863, +5.358,+0.921
1690331460,+3.54,+32.871, +5.160,+0.920
1690332060,+3.54,+32.889, +5.217,+0.920
1690332660,+3.54,+32.898, +5.481,+0.921
1690333260,+3.54,+32.871, +5.391,+0.920
1690333860,+3.54,+32.863, +5.406,+0.921
1690334460,+3.54,+32.863, +5.262,+0.921
1690335060,+3.54,+32.845, +5.439,+0.921
1690335660,+3.54,+32.836, +5.298,+0.921
1690336260,+3.54,+32.819, +5.311,+0.920
1690336860,+3.54,+32.792, +5.192,+0.921
1690337460,+3.54,+32.810, +5.193,+0.920
1690338060,+3.54,+32.863, +5.305,+0.921
1690338660,+3.54,+32.880, +5.488,+0.920
1690339260,+3.54,+32.915, +5.701,+0.920
1690339860,+3.54,+32.880, +5.554,+0.921
1690340460,+3.54,+32.871, +5.638,+0.921
1690341060,+3.54,+32.845, +5.691,+0.921
1690341660,+3.54,+32.863, +5.695,+0.921
1690342260,+3.54,+32.880, +5.700,+0.921
1690342860,+3.54,+32.907, +5.706,+0.921
1690343460,+3.54,+32.915, +5.758,+0.921
1690344060,+3.54,+32.898, +5.709,+0.921
1690344660,+3.54,+32.915, +5.787,+0.921
1690345260,+3.54,+32.898, +5.808,+0.921
1690345860,+3.54,+32.933, +5.808,+0.921
1690346460,+3.54,+32.951, +5.827,+0.921
1690347060,+3.54,+33.030, +5.825,+0.921
1690347660,+3.54,+33.056, +5.857,+0.921
1690348260,+3.54,+33.118, +5.881,+0.921
1690348860,+3.54,+33.162, +5.918,+0.920
1690349460,+3.54,+33.162, +5.966,+0.920
1690350060,+3.54,+33.109, +6.006,+0.921
1690350660,+3.54,+33.162, +5.998,+0.921
1690351260,+3.54,+33.339, +6.093,+0.920
1690351860,+3.54,+33.392, +6.214,+0.920
1690352460,+3.54,+33.480, +6.241,+0.921
1690353060,+3.54,+33.533, +6.293,+0.920
1690353660,+3.54,+33.604, +6.411,+0.920
1690354260,+3.54,+33.648, +6.488,+0.920
1690354860,+3.54,+33.719, +6.647,+0.920
1690355460,+3.54,+33.843, +6.675,+0.920
1690356060,+3.54,+33.994, +6.784,+0.920
1690356660,+3.54,+33.888, +6.834,+0.920
1690357260,+3.54,+34.039, +6.911,+0.919
1690357860,+3.54,+34.279, +7.078,+0.919
1690358460,+3.54,+34.261, +7.301,+0.919
1690359060,+3.54,+34.279, +7.327,+0.920
1690359660,+3.54,+34.395, +7.469,+0.919
1690360260,+3.54,+34.457, +7.519,+0.918
1690360860,+3.54,+34.528, +7.602,+0.919
