7450-213127
OS REV: 1.05 Sensor Cal: 1657827595
Time (sec),  BV (Volts),  T (deg C),  DO (mg/l),  Q ()
1690883460,+3.54,+36.278, +9.323,+0.919
1690884060,+3.54,+36.116, +9.123,+0.920
1690884660,+3.54,+35.971, +9.094,+0.920
1690885260,+3.54,+36.044, +9.125,+0.920
1690885860,+3.54,+36.188, +9.151,+0.919
1690886460,+3.54,+36.387, +9.578,+0.918
1690887060,+3.54,+36.450, +9.838,+0.918
1690887660,+3.54,+36.441, +9.906,+0.920
1690888260,+3.54,+36.450,+10.024,+0.919
1690888860,+3.54,+36.450, +9.959,+0.918
1690889460,+3.54,+36.441,+10.076,+0.919
1690890060,+3.54,+36.441,+10.214,+0.919
1690890660,+3.54,+36.450,+10.331,+0.920
1690891260,+3.54,+36.432,+10.336,+0.921
1690891860,+3.54,+36.441,+10.069,+0.920
1690892460,+3.54,+36.423, +9.754,+0.919
1690893060,+3.54,+36.423, +9.748,+0.919
1690893660,+3.54,+36.441, +9.821,+0.920
1690894260,+3.54,+36.423, +9.775,+0.920
1690894860,+3.54,+36.450,+10.000,+0.919
1690895460,+3.54,+36.423,+10.258,+0.920
1690896060,+3.54,+36.432,+10.165,+0.920
1690896660,+3.54,+36.323, +9.883,+0.920
1690897260,+3.54,+35.999, +9.369,+0.921
1690897860,+3.54,+35.872, +9.407,+0.923
1690898460,+3.55,+35.737, +9.522,+0.923
1690899060,+3.55,+35.656, +9.570,+0.924
1690899660,+3.55,+35.531, +9.521,+0.923
1690900260,+3.54,+35.342, +9.313,+0.925
1690900860,+3.54,+35.163, +9.224,+0.925
1690901460,+3.54,+35.055, +9.148,+0.925
1690902060,+3.54,+34.939, +9.086,+0.926
1690902660,+3.54,+34.867, +9.066,+0.926
1690903260,+3.55,+34.724, +9.005,+0.927
1690903860,+3.55,+34.626, +8.932,+0.927
1690904460,+3.55,+34.546, +8.842,+0.928
1690905060,+3.55,+34.457, +8.783,+0.928
1690905660,+3.55,+34.314, +8.682,+0.927
1690906260,+3.55,+34.225, +8.610,+0.928
1690906860,+3.54,+34.128, +8.478,+0.928
1690907460,+3.54,+34.039, +8.322,+0.929
1690908060,+3.54,+33.932, +8.213,+0.929
1690908660,+3.55,+33.852, +8.067,+0.929
1690909260,+3.55,+33.719, +7.922,+0.930
1690909860,+3.55,+33.657, +7.789,+0.930
1690910460,+3.55,+33.578, +7.740,+0.930
1690911060,+3.55,+33.578, +7.597,+0.930
1690911660,+3.55,+33.516, +7.569,+0.930
1690912260,+3.55,+33.463, +7.433,+0.930
1690912860,+3.55,+33.436, +7.448,+0.930
1690913460,+3.55,+33.436, +7.378,+0.930
1690914060,+3.55,+33.365, +7.170,+0.930
1690914660,+3.55,+33.330, +7.120,+0.930
1690915260,+3.55,+33.268, +6.942,+0.930
1690915860,+3.55,+33.286, +7.122,+0.931
1690916460,+3.55,+33.286, +6.962,+0.930
1690917060,+3.55,+33.206, +6.665,+0.929
1690917660,+3.55,+33.153, +6.489,+0.929
1690918260,+3.55,+33.074, +6.244,+0.930
1690918860,+3.54,+32.977, +5.897,+0.929
1690919460,+3.54,+32.898, +5.691,+0.929
1690920060,+3.54,+32.836, +5.519,+0.929
1690920660,+3.55,+32.792, +5.366,+0.929
1690921260,+3.55,+32.731, +5.025,+0.929
1690921860,+3.55,+32.704, +4.968,+0.929
1690922460,+3.55,+32.722, +5.000,+0.929
1690923060,+3.55,+32.722, +5.112,+0.929
1690923660,+3.55,+32.739, +5.371,+0.930
1690924260,+3.54,+32.739, +5.400,+0.930
1690924860,+3.55,+32.739, +5.315,+0.929
1690925460,+3.55,+32.695, +5.108,+0.930
1690926060,+3.55,+32.660, +4.951,+0.929
1690926660,+3.55,+32.651, +4.620,+0.929
1690927260,+3.55,+32.634, +4.486,+0.929
1690927860,+3.55,+32.616, +4.465,+0.929
1690928460,+3.55,+32.643, +4.455,+0.930
1690929060,+3.55,+32.731, +4.464,+0.929
1690929660,+3.54,+32.731, +4.472,+0.930
1690930260,+3.54,+32.748, +4.385,+0.929
1690930860,+3.54,+32.819, +4.487,+0.929
1690931460,+3.54,+32.880, +4.680,+0.929
1690932060,+3.54,+32.995, +4.655,+0.929
1690932660,+3.54,+32.977, +4.479,+0.929
1690933260,+3.54,+32.722, +4.486,+0.929
1690933860,+3.55,+32.476, +4.076,+0.929
1690934460,+3.55,+32.300, +3.469,+0.929
1690935060,+3.55,+32.449, +4.041,+0.930
1690935660,+3.55,+32.564, +3.950,+0.930
1690936260,+3.54,+32.678, +4.110,+0.929
1690936860,+3.54,+32.889, +4.963,+0.930
1690937460,+3.55,+32.564, +4.130,+0.930
1690938060,+3.55,+32.292, +3.293,+0.929
1690938660,+3.55,+32.256, +3.306,+0.929
1690939260,+3.55,+32.256, +3.212,+0.929
1690939860,+3.55,+32.327, +3.375,+0.930
1690940460,+3.54,+32.669, +4.150,+0.930
1690941060,+3.55,+33.118, +5.046,+0.929
1690941660,+3.55,+33.224, +5.064,+0.929
1690942260,+3.55,+33.480, +5.786,+0.929
1690942860,+3.54,+33.604, +5.938,+0.928
1690943460,+3.54,+33.640, +6.299,+0.929
1690944060,+3.54,+33.711, +6.262,+0.929
1690944660,+3.54,+33.719, +6.406,+0.929
1690945260,+3.54,+33.746, +6.456,+0.929
1690945860,+3.54,+33.737, +6.533,+0.929
1690946460,+3.54,+33.764, +6.519,+0.929
1690947060,+3.54,+33.755, +6.541,+0.928
1690947660,+3.54,+33.746, +6.604,+0.929
1690948260,+3.54,+33.728, +6.592,+0.928
1690948860,+3.54,+33.728, +6.516,+0.928
1690949460,+3.54,+33.719, +6.471,+0.928
1690950060,+3.54,+33.728, +6.477,+0.928
1690950660,+3.54,+33.773, +6.534,+0.929
1690951260,+3.54,+33.790, +6.623,+0.928
1690951860,+3.54,+33.843, +6.648,+0.929
1690952460,+3.54,+33.852, +6.682,+0.928
1690953060,+3.54,+33.861, +6.715,+0.929
1690953660,+3.54,+33.888, +6.784,+0.929
1690954260,+3.54,+33.950, +6.814,+0.928
1690954860,+3.54,+34.021, +6.836,+0.928
1690955460,+3.54,+34.048, +6.851,+0.928
1690956060,+3.54,+34.145, +6.894,+0.927
1690956660,+3.54,+34.270, +6.922,+0.927
1690957260,+3.55,+34.252, +6.907,+0.927
1690957860,+3.55,+34.297, +6.952,+0.927
1690958460,+3.55,+34.421, +6.895,+0.927
1690959060,+3.55,+34.475, +6.937,+0.927
1690959660,+3.55,+34.546, +6.926,+0.927
1690960260,+3.54,+34.555, +6.919,+0.926
1690960860,+3.54,+34.644, +7.002,+0.926
1690961460,+3.54,+34.760, +7.057,+0.926
1690962060,+3.54,+34.894, +7.321,+0.925
1690962660,+3.54,+35.019, +7.628,+0.925
1690963260,+3.54,+35.145, +7.867,+0.925
1690963860,+3.54,+35.270, +8.059,+0.924
1690964460,+3.54,+35.423, +8.256,+0.924
1690965060,+3.54,+35.531, +8.424,+0.924
1690965660,+3.54,+35.665, +8.564,+0.923
1690966260,+3.54,+35.827, +8.735,+0.923
1690966860,+3.54,+35.999, +8.751,+0.922
1690967460,+3.54,+36.098, +8.811,+0.921
1690968060,+3.54,+36.224, +9.235,+0.921
1690968660,+3.54,+36.233, +9.439,+0.920
1690969260,+3.54,+36.260, +9.378,+0.919
1690969860,+3.54,+36.269, +9.434,+0.920
