7450-213127
OS REV: 1.05 Sensor Cal: 1657827595
Time (sec),  BV (Volts),  T (deg C),  DO (mg/l),  Q ()
1690535460,+3.54,+35.046, +9.200,+0.921
1690536060,+3.54,+35.091, +9.240,+0.922
1690536660,+3.54,+35.145, +9.230,+0.920
1690537260,+3.54,+35.216, +9.286,+0.920
1690537860,+3.54,+35.306, +9.414,+0.920
1690538460,+3.54,+35.405, +9.464,+0.920
1690539060,+3.54,+35.477, +9.529,+0.919
1690539660,+3.54,+35.495, +9.530,+0.919
1690540260,+3.54,+35.531, +9.550,+0.918
1690540860,+3.54,+35.513, +9.578,+0.920
1690541460,+3.54,+35.539, +9.585,+0.920
1690542060,+3.54,+35.522, +9.538,+0.919
1690542660,+3.54,+35.557, +9.555,+0.918
1690543260,+3.54,+35.593, +9.566,+0.920
1690543860,+3.54,+35.638, +9.566,+0.918
1690544460,+3.54,+35.647, +9.599,+0.918
1690545060,+3.54,+35.593, +9.611,+0.920
1690545660,+3.54,+35.548, +9.555,+0.919
1690546260,+3.54,+35.513, +9.550,+0.920
1690546860,+3.54,+35.387, +9.269,+0.920
1690547460,+3.54,+35.342, +9.261,+0.921
1690548060,+3.54,+35.288, +9.137,+0.921
1690548660,+3.54,+35.288, +9.202,+0.920
1690549260,+3.54,+35.216, +9.208,+0.920
1690549860,+3.54,+35.181, +9.213,+0.920
1690550460,+3.54,+35.145, +9.184,+0.921
1690551060,+3.54,+35.109, +9.195,+0.921
1690551660,+3.54,+35.109, +9.220,+0.922
1690552260,+3.54,+35.073, +9.228,+0.921
1690552860,+3.54,+35.010, +9.215,+0.921
1690553460,+3.54,+34.930, +9.072,+0.921
1690554060,+3.54,+34.707, +8.972,+0.922
1690554660,+3.54,+34.617, +8.984,+0.923
1690555260,+3.54,+34.564, +8.972,+0.923
1690555860,+3.55,+34.457, +8.908,+0.923
1690556460,+3.55,+34.403, +8.865,+0.923
1690557060,+3.55,+34.288, +8.797,+0.924
1690557660,+3.54,+34.181, +8.677,+0.924
1690558260,+3.54,+34.039, +8.660,+0.924
1690558860,+3.54,+33.870, +8.508,+0.925
1690559460,+3.54,+33.684, +8.278,+0.925
1690560060,+3.55,+33.542, +8.129,+0.926
1690560660,+3.55,+33.445, +7.987,+0.926
1690561260,+3.55,+33.304, +7.771,+0.926
1690561860,+3.55,+33.180, +7.559,+0.926
1690562460,+3.54,+33.056, +7.409,+0.926
1690563060,+3.54,+32.986, +7.208,+0.926
1690563660,+3.54,+32.871, +6.987,+0.926
1690564260,+3.54,+32.792, +6.779,+0.926
1690564860,+3.54,+32.713, +6.636,+0.927
1690565460,+3.55,+32.634, +6.515,+0.927
1690566060,+3.55,+32.625, +6.355,+0.926
1690566660,+3.55,+32.546, +6.182,+0.926
1690567260,+3.55,+32.537, +6.037,+0.926
1690567860,+3.55,+32.528, +5.908,+0.926
1690568460,+3.55,+32.485, +5.833,+0.926
1690569060,+3.55,+32.458, +5.696,+0.926
1690569660,+3.55,+32.423, +5.609,+0.926
1690570260,+3.55,+32.414, +5.520,+0.926
1690570860,+3.55,+32.379, +5.385,+0.926
1690571460,+3.55,+32.335, +5.129,+0.926
1690572060,+3.55,+32.327, +5.027,+0.926
1690572660,+3.55,+32.362, +5.029,+0.926
1690573260,+3.55,+32.379, +4.986,+0.926
1690573860,+3.55,+32.397, +4.983,+0.926
1690574460,+3.55,+32.441, +4.977,+0.926
1690575060,+3.55,+32.546, +4.905,+0.925
1690575660,+3.54,+32.634, +4.881,+0.925
1690576260,+3.54,+32.704, +4.980,+0.925
1690576860,+3.54,+32.687, +4.902,+0.925
1690577460,+3.54,+32.678, +4.936,+0.925
1690578060,+3.54,+32.845, +5.112,+0.925
1690578660,+3.54,+32.986, +5.137,+0.925
1690579260,+3.54,+33.092, +5.324,+0.924
1690579860,+3.54,+32.880, +4.763,+0.925
1690580460,+3.54,+32.854, +4.517,+0.925
1690581060,+3.55,+33.224, +5.556,+0.924
1690581660,+3.55,+33.242, +5.262,+0.925
1690582260,+3.55,+33.410, +5.871,+0.924
1690582860,+3.55,+33.224, +5.333,+0.924
1690583460,+3.55,+33.145, +5.180,+0.925
1690584060,+3.55,+33.180, +5.331,+0.924
1690584660,+3.55,+33.206, +5.391,+0.925
1690585260,+3.55,+33.268, +5.563,+0.924
1690585860,+3.55,+33.383, +5.945,+0.925
1690586460,+3.55,+33.401, +5.647,+0.925
1690587060,+3.55,+33.215, +4.814,+0.924
1690587660,+3.55,+33.109, +4.746,+0.924
1690588260,+3.54,+33.021, +5.375,+0.925
1690588860,+3.54,+33.012, +5.956,+0.926
1690589460,+3.54,+33.065, +5.858,+0.925
1690590060,+3.55,+33.145, +6.022,+0.925
1690590660,+3.55,+33.162, +5.966,+0.925
1690591260,+3.54,+33.092, +6.286,+0.926
1690591860,+3.55,+33.136, +6.335,+0.926
1690592460,+3.55,+33.145, +6.313,+0.925
1690593060,+3.54,+33.101, +6.107,+0.926
1690593660,+3.54,+32.995, +6.053,+0.925
1690594260,+3.54,+32.907, +5.916,+0.926
1690594860,+3.54,+32.695, +5.601,+0.925
1690595460,+3.54,+32.572, +5.543,+0.926
1690596060,+3.55,+32.441, +5.514,+0.926
1690596660,+3.55,+32.248, +5.076,+0.926
1690597260,+3.55,+32.108, +4.644,+0.926
1690597860,+3.55,+31.976, +4.394,+0.926
1690598460,+3.54,+31.854, +4.117,+0.926
1690599060,+3.54,+31.740, +3.858,+0.926
1690599660,+3.54,+31.627, +3.911,+0.926
1690600260,+3.55,+31.531, +4.013,+0.927
1690600860,+3.55,+31.435, +3.978,+0.927
1690601460,+3.55,+31.339, +3.823,+0.927
1690602060,+3.55,+31.191, +3.677,+0.927
1690602660,+3.55,+31.078, +3.562,+0.927
1690603260,+3.55,+31.043, +3.526,+0.927
1690603860,+3.55,+30.965, +3.484,+0.927
1690604460,+3.55,+30.922, +3.453,+0.927
1690605060,+3.55,+30.922, +3.417,+0.927
1690605660,+3.55,+30.965, +3.533,+0.927
1690606260,+3.55,+31.061, +3.819,+0.926
1690606860,+3.55,+31.139, +4.025,+0.926
1690607460,+3.55,+31.113, +3.900,+0.926
1690608060,+3.55,+31.217, +4.097,+0.926
1690608660,+3.55,+31.304, +4.129,+0.926
1690609260,+3.54,+31.487, +4.498,+0.926
1690609860,+3.54,+31.487, +4.121,+0.926
1690610460,+3.54,+31.662, +4.714,+0.926
1690611060,+3.54,+31.793, +5.446,+0.926
1690611660,+3.54,+31.950, +5.162,+0.926
1690612260,+3.55,+32.213, +6.170,+0.926
1690612860,+3.54,+32.423, +6.002,+0.926
1690613460,+3.54,+32.915, +6.036,+0.925
1690614060,+3.54,+33.383, +5.993,+0.924
1690614660,+3.54,+33.595, +6.061,+0.924
1690615260,+3.54,+33.755, +6.077,+0.924
1690615860,+3.54,+33.888, +6.168,+0.924
1690616460,+3.54,+34.057, +6.249,+0.924
1690617060,+3.54,+34.305, +6.416,+0.923
1690617660,+3.54,+34.421, +6.771,+0.923
1690618260,+3.54,+34.626, +7.134,+0.922
1690618860,+3.54,+34.644, +7.551,+0.923
1690619460,+3.54,+34.912, +7.760,+0.922
1690620060,+3.54,+35.055, +7.677,+0.921
1690620660,+3.54,+35.163, +8.017,+0.920
1690621260,+3.54,+35.190, +8.512,+0.921
1690621860,+3.54,+35.315, +8.650,+0.920
