7450-213127
OS REV: 1.05 Sensor Cal: 1657827595
Time (sec),  BV (Volts),  T (deg C),  DO (mg/l),  Q ()
1690361460,+3.54,+34.519, +7.961,+0.918
1690362060,+3.54,+34.448, +8.314,+0.919
1690362660,+3.54,+34.412, +8.215,+0.919
1690363260,+3.54,+34.466, +8.229,+0.920
1690363860,+3.54,+34.537, +8.261,+0.919
1690364460,+3.54,+34.600, +8.458,+0.919
1690365060,+3.54,+34.814, +8.780,+0.919
1690365660,+3.54,+34.993, +9.168,+0.919
1690366260,+3.54,+35.145, +9.499,+0.918
1690366860,+3.54,+35.252, +9.673,+0.919
1690367460,+3.54,+35.387, +9.886,+0.917
1690368060,+3.54,+35.477, +9.736,+0.918
1690368660,+3.54,+35.611, +9.918,+0.917
1690369260,+3.54,+35.692, +9.975,+0.916
1690369860,+3.54,+35.773,+10.053,+0.916
1690370460,+3.54,+35.818,+10.092,+0.916
1690371060,+3.54,+35.764, +9.859,+0.916
1690371660,+3.54,+35.800, +9.919,+0.917
1690372260,+3.54,+35.908,+10.076,+0.917
1690372860,+3.54,+35.944,+10.021,+0.915
1690373460,+3.54,+35.999, +9.984,+0.915
1690374060,+3.54,+35.944, +9.847,+0.914
1690374660,+3.54,+35.890, +9.741,+0.916
1690375260,+3.54,+35.881, +9.904,+0.916
1690375860,+3.54,+35.863, +9.790,+0.915
1690376460,+3.54,+35.899, +9.831,+0.916
1690377060,+3.54,+35.782, +9.786,+0.917
1690377660,+3.54,+35.737, +9.748,+0.917
1690378260,+3.54,+35.593, +9.645,+0.918
1690378860,+3.54,+35.504, +9.564,+0.917
1690379460,+3.54,+35.414, +9.577,+0.918
1690380060,+3.54,+35.297, +9.500,+0.919
1690380660,+3.54,+35.261, +9.669,+0.918
1690381260,+3.54,+35.360, +9.743,+0.919
1690381860,+3.54,+35.225, +9.534,+0.919
1690382460,+3.54,+35.100, +9.499,+0.919
1690383060,+3.54,+34.930, +9.436,+0.921
1690383660,+3.54,+34.689, +9.222,+0.920
1690384260,+3.54,+34.537, +9.240,+0.921
1690384860,+3.55,+34.466, +9.206,+0.921
1690385460,+3.55,+34.395, +9.093,+0.921
1690386060,+3.55,+34.297, +9.016,+0.922
1690386660,+3.55,+34.252, +8.944,+0.922
1690387260,+3.54,+34.145, +8.856,+0.922
1690387860,+3.54,+34.021, +8.723,+0.922
1690388460,+3.54,+33.888, +8.639,+0.923
1690389060,+3.54,+33.764, +8.481,+0.923
1690389660,+3.55,+33.631, +8.359,+0.923
1690390260,+3.55,+33.533, +8.269,+0.924
1690390860,+3.55,+33.489, +8.151,+0.924
1690391460,+3.55,+33.427, +8.039,+0.923
1690392060,+3.55,+33.348, +7.940,+0.924
1690392660,+3.55,+33.330, +7.921,+0.924
1690393260,+3.55,+33.268, +7.892,+0.924
1690393860,+3.55,+33.118, +7.415,+0.924
1690394460,+3.54,+33.039, +7.057,+0.924
1690395060,+3.54,+32.968, +6.795,+0.923
1690395660,+3.54,+32.915, +6.607,+0.924
1690396260,+3.54,+32.915, +6.546,+0.924
1690396860,+3.54,+32.915, +6.404,+0.923
1690397460,+3.54,+32.924, +6.378,+0.924
1690398060,+3.54,+32.933, +6.400,+0.923
1690398660,+3.54,+32.951, +6.565,+0.924
1690399260,+3.54,+32.995, +6.649,+0.924
1690399860,+3.54,+33.074, +6.875,+0.924
1690400460,+3.55,+33.109, +6.720,+0.924
1690401060,+3.55,+33.127, +6.712,+0.923
1690401660,+3.55,+33.153, +6.591,+0.924
1690402260,+3.54,+33.101, +6.501,+0.923
1690402860,+3.54,+33.101, +6.471,+0.923
1690403460,+3.55,+33.153, +6.427,+0.923
1690404060,+3.55,+33.339, +6.160,+0.923
1690404660,+3.55,+33.365, +6.109,+0.922
1690405260,+3.55,+33.330, +6.095,+0.923
1690405860,+3.55,+33.304, +6.002,+0.923
1690406460,+3.55,+33.312, +6.058,+0.923
1690407060,+3.55,+33.251, +5.855,+0.923
1690407660,+3.55,+33.259, +6.050,+0.923
1690408260,+3.55,+33.277, +5.900,+0.923
1690408860,+3.55,+33.233, +5.695,+0.922
1690409460,+3.55,+33.206, +5.619,+0.923
1690410060,+3.55,+33.198, +6.010,+0.923
1690410660,+3.55,+33.171, +5.993,+0.923
1690411260,+3.55,+33.189, +6.093,+0.923
1690411860,+3.55,+33.180, +6.121,+0.923
1690412460,+3.55,+33.136, +5.621,+0.923
1690413060,+3.55,+33.127, +5.730,+0.923
1690413660,+3.55,+33.189, +5.684,+0.923
1690414260,+3.55,+33.198, +5.515,+0.923
1690414860,+3.55,+33.268, +5.448,+0.922
1690415460,+3.55,+33.286, +5.284,+0.922
1690416060,+3.55,+33.312, +5.195,+0.922
1690416660,+3.55,+33.321, +5.322,+0.922
1690417260,+3.55,+33.339, +5.278,+0.921
1690417860,+3.55,+33.330, +5.601,+0.922
1690418460,+3.55,+33.312, +5.698,+0.922
1690419060,+3.55,+33.339, +5.671,+0.923
1690419660,+3.55,+33.312, +5.729,+0.922
1690420260,+3.55,+33.286, +6.015,+0.923
1690420860,+3.55,+33.286, +6.011,+0.923
1690421460,+3.55,+33.224, +6.092,+0.923
1690422060,+3.55,+33.127, +5.640,+0.922
1690422660,+3.54,+32.951, +5.389,+0.923
1690423260,+3.54,+32.836, +5.425,+0.923
1690423860,+3.54,+32.748, +5.346,+0.924
1690424460,+3.54,+32.660, +5.509,+0.923
1690425060,+3.54,+32.599, +5.479,+0.924
1690425660,+3.55,+32.502, +5.288,+0.924
1690426260,+3.55,+32.344, +5.007,+0.924
1690426860,+3.55,+32.213, +4.805,+0.924
1690427460,+3.55,+32.090, +4.698,+0.924
1690428060,+3.54,+31.898, +4.502,+0.924
1690428660,+3.54,+31.801, +4.402,+0.924
1690429260,+3.54,+31.697, +4.175,+0.924
1690429860,+3.54,+31.662, +3.967,+0.924
1690430460,+3.54,+31.592, +3.627,+0.924
1690431060,+3.54,+31.540, +3.908,+0.925
1690431660,+3.54,+31.688, +4.172,+0.924
1690432260,+3.54,+31.810, +4.244,+0.924
1690432860,+3.55,+32.029, +4.500,+0.924
1690433460,+3.55,+32.186, +4.577,+0.924
1690434060,+3.55,+32.388, +4.795,+0.924
1690434660,+3.54,+32.520, +5.123,+0.924
1690435260,+3.54,+32.687, +5.451,+0.923
1690435860,+3.54,+32.810, +5.757,+0.923
1690436460,+3.54,+32.968, +5.969,+0.923
1690437060,+3.54,+33.083, +6.189,+0.923
1690437660,+3.55,+33.215, +6.400,+0.923
1690438260,+3.55,+33.348, +6.596,+0.923
1690438860,+3.54,+33.463, +6.762,+0.923
1690439460,+3.54,+33.631, +6.973,+0.923
1690440060,+3.54,+33.737, +7.083,+0.922
1690440660,+3.54,+33.843, +7.204,+0.923
1690441260,+3.54,+33.950, +7.334,+0.922
1690441860,+3.54,+34.048, +7.443,+0.922
1690442460,+3.54,+34.181, +7.618,+0.922
1690443060,+3.54,+34.270, +7.664,+0.921
1690443660,+3.54,+34.332, +7.723,+0.921
1690444260,+3.54,+34.439, +7.820,+0.921
1690444860,+3.54,+34.457, +7.852,+0.921
1690445460,+3.54,+34.466, +7.924,+0.921
1690446060,+3.54,+34.662, +8.429,+0.921
1690446660,+3.54,+34.867, +8.789,+0.920
1690447260,+3.54,+34.912, +8.565,+0.919
1690447860,+3.54,+34.760, +8.554,+0.920
