7450-213127
OS REV: 1.05 Sensor Cal: 1657827595
Time (sec),  BV (Volts),  T (deg C),  DO (mg/l),  Q ()
1691405460,+3.54,+36.441,+11.618,+0.922
1691406060,+3.53,+36.441,+11.849,+0.921
1691406660,+3.53,+36.441,+11.890,+0.922
1691407260,+3.54,+36.459,+11.615,+0.920
1691407860,+3.53,+36.441,+11.512,+0.923
1691408460,+3.53,+36.450,+11.560,+0.921
1691409060,+3.54,+36.441,+11.434,+0.922
1691409660,+3.54,+36.450,+11.413,+0.921
1691410260,+3.54,+36.441,+11.378,+0.922
1691410860,+3.54,+36.450,+11.369,+0.922
1691411460,+3.54,+36.423,+11.229,+0.922
1691412060,+3.54,+36.441,+10.781,+0.922
1691412660,+3.54,+36.441,+10.822,+0.921
1691413260,+3.54,+36.441,+10.888,+0.922
1691413860,+3.54,+36.441,+10.905,+0.921
1691414460,+3.54,+36.441,+10.766,+0.922
1691415060,+3.54,+36.378,+10.532,+0.921
1691415660,+3.54,+36.296,+10.469,+0.923
1691416260,+3.54,+35.989,+10.196,+0.924
1691416860,+3.54,+35.683,+10.052,+0.925
1691417460,+3.55,+35.486, +9.876,+0.926
1691418060,+3.54,+35.333, +9.774,+0.926
1691418660,+3.54,+35.172, +9.579,+0.927
1691419260,+3.54,+35.028, +9.336,+0.928
1691419860,+3.54,+34.921, +9.216,+0.928
1691420460,+3.55,+34.760, +9.081,+0.930
1691421060,+3.55,+34.698, +8.950,+0.929
1691421660,+3.55,+34.501, +8.712,+0.929
1691422260,+3.55,+34.314, +8.417,+0.930
1691422860,+3.54,+34.101, +8.181,+0.930
1691423460,+3.54,+33.888, +7.948,+0.931
1691424060,+3.55,+33.755, +7.796,+0.931
1691424660,+3.55,+33.569, +7.379,+0.931
1691425260,+3.55,+33.357, +7.106,+0.932
1691425860,+3.55,+33.242, +6.843,+0.932
1691426460,+3.55,+33.286, +6.668,+0.931
1691427060,+3.55,+33.410, +6.500,+0.931
1691427660,+3.55,+33.463, +6.319,+0.931
1691428260,+3.55,+33.251, +6.115,+0.931
1691428860,+3.55,+33.224, +6.010,+0.931
1691429460,+3.55,+33.321, +5.875,+0.931
1691430060,+3.55,+33.259, +5.709,+0.930
1691430660,+3.55,+33.224, +5.424,+0.930
1691431260,+3.55,+33.162, +5.191,+0.930
1691431860,+3.55,+32.748, +5.103,+0.931
1691432460,+3.55,+32.449, +4.950,+0.931
1691433060,+3.55,+32.406, +4.771,+0.931
1691433660,+3.55,+32.379, +4.652,+0.931
1691434260,+3.55,+32.449, +4.664,+0.932
1691434860,+3.55,+32.520, +4.683,+0.931
1691435460,+3.55,+32.590, +4.619,+0.931
1691436060,+3.55,+32.678, +4.544,+0.931
1691436660,+3.54,+32.739, +4.504,+0.931
1691437260,+3.54,+32.845, +4.502,+0.931
1691437860,+3.54,+32.942, +4.474,+0.931
1691438460,+3.54,+33.012, +4.546,+0.931
1691439060,+3.54,+33.056, +4.544,+0.931
1691439660,+3.54,+33.074, +4.496,+0.931
1691440260,+3.55,+33.215, +4.640,+0.930
1691440860,+3.55,+33.153, +4.395,+0.931
1691441460,+3.55,+33.189, +4.502,+0.930
1691442060,+3.55,+33.383, +4.831,+0.931
1691442660,+3.55,+33.427, +4.773,+0.930
1691443260,+3.55,+33.312, +4.416,+0.930
1691443860,+3.55,+33.268, +4.325,+0.931
1691444460,+3.55,+33.180, +4.082,+0.930
1691445060,+3.55,+33.224, +4.143,+0.930
1691445660,+3.55,+33.259, +4.076,+0.931
1691446260,+3.55,+33.304, +3.916,+0.930
1691446860,+3.55,+33.189, +3.674,+0.930
1691447460,+3.55,+33.127, +3.419,+0.930
1691448060,+3.54,+33.021, +3.244,+0.930
1691448660,+3.54,+33.004, +3.192,+0.930
1691449260,+3.54,+33.101, +4.039,+0.931
1691449860,+3.55,+33.127, +4.424,+0.931
1691450460,+3.55,+33.171, +5.191,+0.931
1691451060,+3.54,+33.012, +5.042,+0.931
1691451660,+3.54,+32.836, +4.901,+0.931
1691452260,+3.54,+32.643, +4.713,+0.932
1691452860,+3.55,+32.511, +4.514,+0.932
1691453460,+3.55,+32.406, +4.314,+0.932
1691454060,+3.55,+32.283, +3.993,+0.932
1691454660,+3.55,+32.160, +3.785,+0.932
1691455260,+3.55,+31.976, +3.571,+0.932
1691455860,+3.54,+31.749, +3.382,+0.932
1691456460,+3.55,+31.618, +3.230,+0.932
1691457060,+3.55,+31.531, +3.134,+0.932
1691457660,+3.55,+31.487, +3.076,+0.932
1691458260,+3.55,+31.435, +2.989,+0.933
1691458860,+3.55,+31.400, +2.944,+0.933
1691459460,+3.55,+31.313, +2.878,+0.933
1691460060,+3.55,+31.226, +2.818,+0.933
1691460660,+3.55,+31.139, +2.673,+0.933
1691461260,+3.55,+31.069, +2.522,+0.933
1691461860,+3.55,+30.844, +2.167,+0.932
1691462460,+3.54,+30.696, +1.724,+0.931
1691463060,+3.54,+30.688, +1.739,+0.931
1691463660,+3.54,+30.705, +1.793,+0.931
1691464260,+3.54,+30.774, +1.652,+0.931
1691464860,+3.55,+30.948, +2.321,+0.933
1691465460,+3.55,+31.113, +2.360,+0.933
1691466060,+3.55,+31.174, +2.435,+0.933
1691466660,+3.55,+31.287, +2.709,+0.932
1691467260,+3.55,+31.418, +3.122,+0.932
1691467860,+3.54,+31.548, +3.569,+0.930
1691468460,+3.54,+31.705, +4.145,+0.930
1691469060,+3.54,+31.845, +4.731,+0.930
1691469660,+3.55,+31.994, +5.327,+0.929
1691470260,+3.55,+32.134, +5.697,+0.928
1691470860,+3.55,+32.265, +5.730,+0.930
1691471460,+3.54,+32.406, +6.005,+0.929
1691472060,+3.54,+32.546, +6.191,+0.927
1691472660,+3.54,+32.819, +7.179,+0.928
1691473260,+3.54,+32.968, +8.096,+0.926
1691473860,+3.55,+33.206, +8.559,+0.927
1691474460,+3.55,+33.251, +8.869,+0.926
1691475060,+3.54,+33.560, +8.772,+0.927
1691475660,+3.54,+33.773, +8.871,+0.927
1691476260,+3.54,+33.950, +8.934,+0.929
1691476860,+3.54,+34.039, +9.282,+0.928
1691477460,+3.54,+34.119, +9.361,+0.927
1691478060,+3.54,+34.403, +6.860,+0.929
1691478660,+3.54,+32.898, +7.060,+0.932
1691479260,+3.54,+31.662, +7.122,+0.934
1691479860,+3.55,+31.061, +7.235,+0.935
1691480460,+3.55,+31.391, +7.199,+0.934
1691481060,+3.54,+31.540, +7.242,+0.934
1691481660,+3.55,+29.307, +7.612,+0.935
1691482260,+3.56,+25.625, +7.546,+0.936
1691482860,+3.56,+23.492, +7.487,+0.936
1691483460,+3.56,+23.258, +7.504,+0.936
1691484060,+3.56,+23.090, +7.517,+0.936
1691484660,+3.56,+22.965, +7.525,+0.935
1691485260,+3.56,+22.856, +7.534,+0.935
1691485860,+3.56,+22.781, +7.519,+0.936
1691486460,+3.56,+22.714, +7.505,+0.936
1691487060,+3.56,+22.639, +7.492,+0.935
1691487660,+3.56,+22.563, +7.490,+0.936
1691488260,+3.56,+22.488, +7.482,+0.936
1691488860,+3.56,+22.396, +7.480,+0.935
1691489460,+3.56,+22.329, +7.490,+0.936
1691490060,+3.56,+22.321, +7.486,+0.936
1691490660,+3.56,+22.271, +7.494,+0.936
1691491260,+3.56,+22.179, +7.518,+0.936
1691491860,+3.56,+21.744, +8.583,+0.936
