7450-296666
OS REV: 1.05 Sensor Cal: 1652986174
Time (sec),  BV (Volts),  T (deg C),  DO (mg/l),  Q ()
1690709460,+3.52,+35.163, +7.787,+0.904
1690710060,+3.52,+35.038, +7.699,+0.905
1690710660,+3.52,+35.244, +7.908,+0.905
1690711260,+3.52,+35.306, +7.922,+0.904
1690711860,+3.52,+35.342, +7.973,+0.904
1690712460,+3.53,+35.468, +8.129,+0.904
1690713060,+3.53,+35.648, +8.301,+0.904
1690713660,+3.53,+35.675, +8.256,+0.903
1690714260,+3.53,+35.594, +8.406,+0.904
1690714860,+3.53,+35.639, +8.569,+0.904
1690715460,+3.53,+35.810, +8.808,+0.904
1690716060,+3.53,+35.765, +8.610,+0.902
1690716660,+3.52,+35.963, +8.845,+0.902
1690717260,+3.52,+36.161, +8.993,+0.901
1690717860,+3.52,+36.451, +9.472,+0.902
1690718460,+3.52,+36.478, +9.433,+0.900
1690719060,+3.52,+36.460, +9.414,+0.901
1690719660,+3.52,+36.423, +9.298,+0.900
1690720260,+3.52,+36.433, +9.409,+0.900
1690720860,+3.52,+36.487, +9.575,+0.902
1690721460,+3.52,+36.478, +9.791,+0.901
1690722060,+3.52,+36.478, +9.994,+0.901
1690722660,+3.52,+36.469, +9.644,+0.901
1690723260,+3.52,+36.451, +9.216,+0.900
1690723860,+3.52,+36.234, +9.031,+0.902
1690724460,+3.53,+36.026, +8.923,+0.903
1690725060,+3.53,+35.891, +8.852,+0.903
1690725660,+3.53,+35.702, +8.783,+0.903
1690726260,+3.53,+35.414, +8.606,+0.905
1690726860,+3.52,+35.208, +8.664,+0.905
1690727460,+3.53,+35.029, +8.480,+0.907
1690728060,+3.53,+34.903, +8.420,+0.907
1690728660,+3.53,+34.796, +8.352,+0.907
1690729260,+3.53,+34.617, +8.208,+0.908
1690729860,+3.53,+34.492, +8.091,+0.908
1690730460,+3.53,+34.270, +7.984,+0.909
1690731060,+3.53,+34.154, +7.845,+0.908
1690731660,+3.53,+34.092, +7.791,+0.909
1690732260,+3.53,+33.976, +7.696,+0.909
1690732860,+3.53,+33.834, +7.625,+0.909
1690733460,+3.53,+33.772, +7.560,+0.909
1690734060,+3.53,+33.728, +7.417,+0.910
1690734660,+3.53,+33.639, +7.345,+0.910
1690735260,+3.53,+33.577, +7.236,+0.910
1690735860,+3.53,+33.497, +7.157,+0.910
1690736460,+3.53,+33.453, +7.045,+0.910
1690737060,+3.53,+33.409, +6.997,+0.911
1690737660,+3.53,+33.391, +6.938,+0.910
1690738260,+3.53,+33.365, +6.808,+0.910
1690738860,+3.53,+33.374, +6.723,+0.910
1690739460,+3.53,+33.329, +6.614,+0.909
1690740060,+3.53,+33.312, +6.453,+0.910
1690740660,+3.53,+33.303, +6.334,+0.909
1690741260,+3.53,+33.329, +6.264,+0.909
1690741860,+3.53,+33.338, +6.155,+0.909
1690742460,+3.53,+33.338, +6.108,+0.909
1690743060,+3.53,+33.347, +6.078,+0.909
1690743660,+3.53,+33.374, +6.061,+0.909
1690744260,+3.53,+33.391, +5.936,+0.909
1690744860,+3.53,+33.436, +5.906,+0.909
1690745460,+3.53,+33.524, +6.001,+0.908
1690746060,+3.53,+33.506, +6.045,+0.908
1690746660,+3.53,+33.471, +5.792,+0.908
1690747260,+3.53,+33.551, +6.107,+0.909
1690747860,+3.53,+33.799, +6.061,+0.908
1690748460,+3.53,+34.003, +6.199,+0.908
1690749060,+3.53,+34.110, +6.104,+0.907
1690749660,+3.53,+34.127, +6.095,+0.907
1690750260,+3.53,+34.190, +6.281,+0.907
1690750860,+3.53,+33.941, +5.508,+0.907
1690751460,+3.53,+33.887, +5.407,+0.907
1690752060,+3.53,+33.781, +5.488,+0.908
1690752660,+3.53,+33.941, +5.752,+0.908
1690753260,+3.53,+33.914, +5.651,+0.908
1690753860,+3.53,+33.870, +5.642,+0.908
1690754460,+3.53,+33.879, +5.429,+0.908
1690755060,+3.53,+33.861, +5.353,+0.908
1690755660,+3.53,+33.816, +5.383,+0.908
1690756260,+3.53,+33.746, +5.455,+0.909
1690756860,+3.53,+33.639, +5.547,+0.909
1690757460,+3.53,+33.657, +5.612,+0.908
1690758060,+3.53,+33.648, +6.003,+0.909
1690758660,+3.53,+33.666, +6.131,+0.908
1690759260,+3.53,+33.639, +6.316,+0.908
1690759860,+3.53,+33.047, +5.248,+0.910
1690760460,+3.53,+32.765, +4.882,+0.910
1690761060,+3.53,+32.422, +4.616,+0.910
1690761660,+3.53,+32.106, +3.471,+0.910
1690762260,+3.53,+31.765, +2.730,+0.910
1690762860,+3.53,+31.355, +2.673,+0.911
1690763460,+3.53,+31.233, +2.860,+0.912
1690764060,+3.53,+31.206, +2.898,+0.911
1690764660,+3.53,+31.259, +2.893,+0.912
1690765260,+3.53,+31.363, +3.093,+0.912
1690765860,+3.53,+31.590, +3.296,+0.912
1690766460,+3.53,+31.791, +3.581,+0.911
1690767060,+3.53,+31.922, +3.736,+0.911
1690767660,+3.53,+32.010, +3.827,+0.911
1690768260,+3.53,+31.992, +3.813,+0.911
1690768860,+3.53,+32.080, +3.976,+0.911
1690769460,+3.53,+32.167, +4.218,+0.910
1690770060,+3.53,+32.229, +4.343,+0.911
1690770660,+3.53,+32.281, +4.222,+0.910
1690771260,+3.53,+32.404, +4.358,+0.911
1690771860,+3.53,+32.633, +4.706,+0.910
1690772460,+3.53,+32.774, +4.795,+0.910
1690773060,+3.53,+32.800, +4.763,+0.910
1690773660,+3.53,+32.738, +4.619,+0.910
1690774260,+3.53,+32.589, +4.226,+0.909
1690774860,+3.53,+32.580, +4.101,+0.910
1690775460,+3.53,+32.615, +4.199,+0.910
1690776060,+3.53,+32.686, +4.440,+0.910
1690776660,+3.53,+32.738, +4.522,+0.910
1690777260,+3.53,+32.844, +4.624,+0.909
1690777860,+3.52,+32.923, +4.780,+0.910
1690778460,+3.53,+33.011, +4.872,+0.909
1690779060,+3.53,+33.091, +5.003,+0.909
1690779660,+3.53,+33.153, +4.964,+0.909
1690780260,+3.53,+33.232, +5.125,+0.909
1690780860,+3.53,+33.347, +5.555,+0.909
1690781460,+3.53,+33.506, +5.850,+0.909
1690782060,+3.53,+33.595, +6.004,+0.909
1690782660,+3.53,+33.683, +5.982,+0.908
1690783260,+3.53,+33.701, +5.699,+0.908
1690783860,+3.53,+33.675, +5.620,+0.908
1690784460,+3.53,+33.763, +5.973,+0.908
1690785060,+3.53,+33.843, +6.082,+0.908
1690785660,+3.52,+33.941, +6.250,+0.907
1690786260,+3.52,+34.074, +6.365,+0.908
1690786860,+3.52,+34.199, +6.486,+0.907
1690787460,+3.53,+34.305, +6.561,+0.906
1690788060,+3.53,+34.430, +6.749,+0.906
1690788660,+3.53,+34.528, +6.893,+0.906
1690789260,+3.53,+34.680, +7.300,+0.906
1690789860,+3.53,+34.841, +7.050,+0.905
1690790460,+3.52,+35.136, +7.662,+0.906
1690791060,+3.52,+35.360, +8.021,+0.904
1690791660,+3.53,+35.540, +8.251,+0.904
1690792260,+3.53,+35.666, +8.379,+0.903
1690792860,+3.53,+35.819, +8.459,+0.903
1690793460,+3.52,+35.936, +8.584,+0.903
1690794060,+3.52,+36.080, +8.619,+0.902
1690794660,+3.52,+36.179, +8.643,+0.901
1690795260,+3.52,+36.198, +8.756,+0.901
1690795860,+3.52,+35.999, +8.712,+0.902
