7450-296666
OS REV: 1.05 Sensor Cal: 1652986174
Time (sec),  BV (Volts),  T (deg C),  DO (mg/l),  Q ()
1690448460,+3.53,+34.608, +8.052,+0.908
1690449060,+3.53,+34.591, +8.016,+0.908
1690449660,+3.53,+34.689, +8.261,+0.909
1690450260,+3.52,+34.850, +8.492,+0.908
1690450860,+3.52,+35.038, +8.738,+0.908
1690451460,+3.52,+35.118, +8.773,+0.907
1690452060,+3.52,+35.136, +8.832,+0.907
1690452660,+3.52,+35.288, +9.015,+0.907
1690453260,+3.52,+35.396, +9.215,+0.906
1690453860,+3.53,+35.873, +9.763,+0.906
1690454460,+3.52,+36.071, +9.858,+0.906
1690455060,+3.52,+36.134, +9.925,+0.905
1690455660,+3.52,+36.198,+10.035,+0.905
1690456260,+3.52,+36.098, +9.933,+0.905
1690456860,+3.52,+35.891, +9.597,+0.904
1690457460,+3.53,+35.783, +9.592,+0.906
1690458060,+3.53,+35.630, +9.298,+0.906
1690458660,+3.52,+35.405, +8.976,+0.907
1690459260,+3.52,+35.262, +8.876,+0.907
1690459860,+3.52,+35.082, +8.706,+0.908
1690460460,+3.53,+34.885, +8.551,+0.908
1690461060,+3.53,+34.841, +8.556,+0.909
1690461660,+3.53,+34.733, +8.497,+0.909
1690462260,+3.53,+34.653, +8.488,+0.909
1690462860,+3.53,+34.564, +8.409,+0.909
1690463460,+3.53,+34.528, +8.540,+0.910
1690464060,+3.53,+34.439, +8.398,+0.910
1690464660,+3.53,+34.377, +8.329,+0.910
1690465260,+3.53,+34.323, +8.290,+0.910
1690465860,+3.53,+34.305, +8.265,+0.909
1690466460,+3.53,+34.234, +8.226,+0.910
1690467060,+3.52,+34.199, +8.197,+0.911
1690467660,+3.52,+34.154, +8.156,+0.910
1690468260,+3.52,+34.118, +8.179,+0.910
1690468860,+3.52,+34.065, +8.191,+0.910
1690469460,+3.53,+34.021, +8.192,+0.911
1690470060,+3.53,+33.994, +8.155,+0.911
1690470660,+3.53,+33.923, +8.133,+0.911
1690471260,+3.53,+33.852, +8.108,+0.911
1690471860,+3.53,+33.808, +8.089,+0.911
1690472460,+3.53,+33.772, +8.036,+0.911
1690473060,+3.53,+33.648, +7.985,+0.911
1690473660,+3.53,+33.595, +7.912,+0.912
1690474260,+3.53,+33.497, +7.846,+0.911
1690474860,+3.53,+33.382, +7.741,+0.912
1690475460,+3.53,+33.312, +7.573,+0.911
1690476060,+3.53,+33.214, +7.489,+0.911
1690476660,+3.53,+33.135, +7.362,+0.911
1690477260,+3.53,+32.976, +7.069,+0.911
1690477860,+3.53,+32.870, +6.925,+0.912
1690478460,+3.53,+32.835, +6.824,+0.912
1690479060,+3.53,+32.782, +6.716,+0.912
1690479660,+3.53,+32.747, +6.587,+0.912
1690480260,+3.53,+32.730, +6.374,+0.911
1690480860,+3.53,+32.668, +6.195,+0.912
1690481460,+3.53,+32.642, +5.988,+0.912
1690482060,+3.53,+32.633, +5.908,+0.911
1690482660,+3.53,+32.624, +5.897,+0.912
1690483260,+3.53,+32.633, +5.852,+0.912
1690483860,+3.53,+32.659, +5.747,+0.912
1690484460,+3.53,+32.633, +5.462,+0.911
1690485060,+3.53,+32.624, +5.420,+0.911
1690485660,+3.53,+32.633, +5.389,+0.911
1690486260,+3.53,+32.712, +5.442,+0.912
1690486860,+3.53,+32.800, +5.549,+0.911
1690487460,+3.53,+32.906, +5.645,+0.911
1690488060,+3.53,+32.932, +5.632,+0.911
1690488660,+3.53,+32.994, +5.721,+0.911
1690489260,+3.53,+33.047, +5.692,+0.910
1690489860,+3.53,+33.100, +5.755,+0.910
1690490460,+3.53,+33.073, +5.470,+0.910
1690491060,+3.52,+33.056, +5.593,+0.910
1690491660,+3.52,+33.020, +5.417,+0.910
1690492260,+3.53,+33.064, +5.466,+0.911
1690492860,+3.53,+33.100, +5.043,+0.910
1690493460,+3.53,+33.188, +4.909,+0.911
1690494060,+3.53,+33.303, +5.315,+0.910
1690494660,+3.53,+33.232, +5.041,+0.910
1690495260,+3.53,+33.206, +4.762,+0.909
1690495860,+3.53,+33.259, +4.799,+0.909
1690496460,+3.53,+33.321, +4.984,+0.910
1690497060,+3.53,+33.400, +5.369,+0.910
1690497660,+3.53,+33.329, +4.955,+0.910
1690498260,+3.53,+33.427, +5.993,+0.910
1690498860,+3.53,+33.329, +5.035,+0.910
1690499460,+3.53,+33.321, +5.111,+0.910
1690500060,+3.53,+33.206, +4.497,+0.909
1690500660,+3.53,+33.250, +5.055,+0.910
1690501260,+3.53,+33.321, +5.448,+0.910
1690501860,+3.53,+33.356, +5.783,+0.910
1690502460,+3.53,+33.356, +5.709,+0.910
1690503060,+3.53,+33.329, +5.626,+0.910
1690503660,+3.53,+33.338, +5.882,+0.910
1690504260,+3.53,+33.338, +5.873,+0.909
1690504860,+3.53,+33.321, +5.523,+0.910
1690505460,+3.53,+33.329, +5.638,+0.910
1690506060,+3.53,+33.347, +5.500,+0.909
1690506660,+3.53,+33.347, +5.437,+0.910
1690507260,+3.53,+33.329, +5.551,+0.910
1690507860,+3.53,+33.312, +5.731,+0.910
1690508460,+3.53,+33.268, +5.728,+0.909
1690509060,+3.53,+33.197, +5.802,+0.910
1690509660,+3.52,+32.967, +5.658,+0.910
1690510260,+3.53,+32.774, +5.559,+0.911
1690510860,+3.53,+32.650, +5.422,+0.911
1690511460,+3.53,+32.448, +5.427,+0.912
1690512060,+3.53,+32.343, +5.270,+0.912
1690512660,+3.53,+32.211, +5.053,+0.912
1690513260,+3.53,+32.159, +4.611,+0.911
1690513860,+3.53,+32.053, +4.412,+0.912
1690514460,+3.53,+31.983, +4.450,+0.912
1690515060,+3.53,+31.887, +4.424,+0.912
1690515660,+3.53,+31.826, +4.320,+0.912
1690516260,+3.53,+31.791, +4.064,+0.911
1690516860,+3.53,+31.686, +4.070,+0.912
1690517460,+3.53,+31.677, +3.937,+0.912
1690518060,+3.53,+31.625, +3.713,+0.912
1690518660,+3.53,+31.669, +3.968,+0.912
1690519260,+3.53,+31.747, +4.150,+0.912
1690519860,+3.53,+31.887, +4.383,+0.912
1690520460,+3.53,+32.045, +4.373,+0.912
1690521060,+3.53,+32.176, +4.285,+0.911
1690521660,+3.53,+32.422, +4.467,+0.911
1690522260,+3.53,+32.615, +4.728,+0.911
1690522860,+3.52,+32.870, +5.437,+0.910
1690523460,+3.52,+33.029, +5.687,+0.910
1690524060,+3.53,+33.162, +5.899,+0.911
1690524660,+3.53,+33.276, +6.110,+0.910
1690525260,+3.53,+33.409, +6.346,+0.910
1690525860,+3.53,+33.524, +6.529,+0.909
1690526460,+3.53,+33.675, +6.667,+0.909
1690527060,+3.53,+33.799, +6.838,+0.909
1690527660,+3.52,+33.914, +7.019,+0.909
1690528260,+3.52,+34.038, +7.147,+0.909
1690528860,+3.52,+34.127, +7.244,+0.908
1690529460,+3.52,+34.190, +7.313,+0.908
1690530060,+3.52,+34.199, +7.335,+0.908
1690530660,+3.52,+34.216, +7.421,+0.908
1690531260,+3.52,+34.190, +7.355,+0.908
1690531860,+3.52,+34.181, +7.323,+0.908
1690532460,+3.52,+34.261, +7.540,+0.908
1690533060,+3.53,+34.368, +7.691,+0.908
1690533660,+3.53,+34.653, +8.381,+0.907
1690534260,+3.52,+34.814, +8.589,+0.908
1690534860,+3.52,+34.939, +8.873,+0.907
