7450-546688
OS REV: 1.05 Sensor Cal: 1677874708
Time (sec),  BV (Volts),  T (deg C),  DO (mg/l),  Q ()
1690970460,+3.56,+36.300, +9.470,+0.897
1690971060,+3.56,+36.390, +9.607,+0.897
1690971660,+3.56,+36.490, +9.885,+0.896
1690972260,+3.56,+36.490,+10.102,+0.898
1690972860,+3.56,+36.481,+10.233,+0.896
1690973460,+3.56,+36.499,+10.294,+0.898
1690974060,+3.56,+36.490,+10.200,+0.897
1690974660,+3.56,+36.490,+10.197,+0.896
1690975260,+3.56,+36.499,+10.079,+0.896
1690975860,+3.56,+36.499,+10.000,+0.898
1690976460,+3.56,+36.427, +9.888,+0.897
1690977060,+3.56,+36.463, +9.891,+0.897
1690977660,+3.56,+36.463, +9.881,+0.898
1690978260,+3.56,+36.472, +9.831,+0.898
1690978860,+3.56,+36.427, +9.806,+0.897
1690979460,+3.56,+36.345, +9.718,+0.898
1690980060,+3.56,+36.236, +9.622,+0.898
1690980660,+3.56,+36.127, +9.517,+0.897
1690981260,+3.56,+36.028, +9.522,+0.900
1690981860,+3.56,+35.928, +9.451,+0.900
1690982460,+3.56,+35.883, +9.541,+0.898
1690983060,+3.56,+35.820, +9.494,+0.899
1690983660,+3.56,+35.784, +9.481,+0.900
1690984260,+3.57,+35.739, +9.449,+0.899
1690984860,+3.57,+35.676, +9.438,+0.900
1690985460,+3.57,+35.513, +9.354,+0.900
1690986060,+3.56,+35.351, +9.245,+0.901
1690986660,+3.56,+35.216, +9.206,+0.902
1690987260,+3.56,+35.117, +9.085,+0.900
1690987860,+3.56,+34.956, +8.968,+0.901
1690988460,+3.57,+34.786, +8.877,+0.903
1690989060,+3.57,+34.678, +8.752,+0.901
1690989660,+3.57,+34.517, +8.639,+0.903
1690990260,+3.57,+34.410, +8.553,+0.902
1690990860,+3.57,+34.312, +8.422,+0.902
1690991460,+3.56,+34.151, +8.280,+0.903
1690992060,+3.56,+34.009, +8.123,+0.902
1690992660,+3.56,+33.920, +8.005,+0.902
1690993260,+3.57,+33.787, +7.791,+0.902
1690993860,+3.57,+33.725, +7.636,+0.903
1690994460,+3.57,+33.662, +7.504,+0.902
1690995060,+3.57,+33.645, +7.414,+0.903
1690995660,+3.57,+33.591, +7.204,+0.901
1690996260,+3.57,+33.574, +7.140,+0.901
1690996860,+3.57,+33.520, +6.888,+0.901
1690997460,+3.57,+33.467, +6.598,+0.900
1690998060,+3.57,+33.467, +6.480,+0.900
1690998660,+3.57,+33.494, +6.436,+0.901
1690999260,+3.57,+33.538, +6.431,+0.900
1690999860,+3.57,+33.503, +6.333,+0.901
1691000460,+3.57,+33.467, +6.179,+0.900
1691001060,+3.57,+33.476, +6.127,+0.901
1691001660,+3.57,+33.441, +6.125,+0.900
1691002260,+3.57,+33.458, +6.103,+0.900
1691002860,+3.57,+33.450, +6.041,+0.900
1691003460,+3.57,+33.450, +6.034,+0.900
1691004060,+3.57,+33.414, +6.110,+0.900
1691004660,+3.57,+33.423, +6.159,+0.901
1691005260,+3.57,+33.405, +5.923,+0.900
1691005860,+3.57,+33.414, +5.851,+0.900
1691006460,+3.57,+33.405, +5.783,+0.900
1691007060,+3.57,+33.414, +5.730,+0.900
1691007660,+3.57,+33.432, +5.843,+0.899
1691008260,+3.57,+33.467, +6.140,+0.901
1691008860,+3.57,+33.326, +5.960,+0.901
1691009460,+3.57,+33.202, +6.086,+0.901
1691010060,+3.57,+33.131, +6.050,+0.901
1691010660,+3.56,+33.007, +5.898,+0.901
1691011260,+3.56,+32.999, +5.927,+0.900
1691011860,+3.56,+32.928, +5.728,+0.900
1691012460,+3.56,+32.787, +5.374,+0.900
1691013060,+3.57,+32.646, +4.840,+0.897
1691013660,+3.57,+32.602, +4.889,+0.899
1691014260,+3.57,+32.672, +5.307,+0.899
1691014860,+3.57,+32.655, +5.569,+0.901
1691015460,+3.57,+32.576, +5.115,+0.900
1691016060,+3.57,+32.452, +5.039,+0.900
1691016660,+3.57,+32.391, +4.761,+0.898
1691017260,+3.57,+32.329, +4.753,+0.899
1691017860,+3.57,+32.242, +4.644,+0.899
1691018460,+3.57,+32.207, +4.540,+0.899
1691019060,+3.57,+32.101, +4.389,+0.898
1691019660,+3.57,+32.022, +4.193,+0.898
1691020260,+3.56,+31.926, +3.918,+0.897
1691020860,+3.56,+31.865, +3.971,+0.898
1691021460,+3.56,+31.751, +3.666,+0.896
1691022060,+3.57,+31.681, +3.558,+0.897
1691022660,+3.57,+31.603, +3.392,+0.896
1691023260,+3.57,+31.550, +3.157,+0.895
1691023860,+3.57,+31.454, +3.079,+0.896
1691024460,+3.57,+31.411, +3.076,+0.897
1691025060,+3.57,+31.376, +2.992,+0.897
1691025660,+3.57,+31.297, +2.862,+0.897
1691026260,+3.57,+31.280, +2.769,+0.897
1691026860,+3.57,+31.254, +2.651,+0.897
1691027460,+3.57,+31.254, +2.499,+0.897
1691028060,+3.57,+31.262, +2.356,+0.897
1691028660,+3.57,+31.271, +2.304,+0.897
1691029260,+3.57,+31.288, +2.144,+0.897
1691029860,+3.57,+31.376, +2.239,+0.898
1691030460,+3.57,+31.463, +2.353,+0.899
1691031060,+3.56,+31.987, +3.788,+0.899
1691031660,+3.57,+32.277, +3.900,+0.898
1691032260,+3.56,+31.935, +2.953,+0.898
1691032860,+3.56,+31.891, +2.913,+0.898
1691033460,+3.56,+31.882, +2.951,+0.899
1691034060,+3.56,+31.900, +2.986,+0.899
1691034660,+3.56,+31.926, +2.796,+0.899
1691035260,+3.57,+32.479, +4.107,+0.899
1691035860,+3.57,+32.242, +2.890,+0.898
1691036460,+3.56,+32.014, +2.581,+0.897
1691037060,+3.56,+32.005, +2.608,+0.898
1691037660,+3.56,+32.014, +2.689,+0.898
1691038260,+3.57,+32.057, +3.387,+0.899
1691038860,+3.57,+32.163, +3.590,+0.899
1691039460,+3.57,+32.312, +3.799,+0.899
1691040060,+3.56,+32.470, +4.092,+0.899
1691040660,+3.56,+32.620, +4.311,+0.899
1691041260,+3.56,+32.664, +4.336,+0.899
1691041860,+3.56,+32.760, +4.566,+0.899
1691042460,+3.56,+32.831, +4.712,+0.899
1691043060,+3.56,+32.884, +4.801,+0.899
1691043660,+3.56,+32.937, +4.831,+0.899
1691044260,+3.56,+33.122, +5.297,+0.899
1691044860,+3.57,+33.273, +5.456,+0.899
1691045460,+3.57,+33.273, +5.309,+0.899
1691046060,+3.57,+33.317, +5.261,+0.899
1691046660,+3.56,+33.503, +5.448,+0.899
1691047260,+3.56,+33.645, +5.568,+0.899
1691047860,+3.56,+33.618, +5.317,+0.898
1691048460,+3.56,+33.591, +5.175,+0.898
1691049060,+3.56,+33.645, +5.195,+0.898
1691049660,+3.56,+33.769, +5.272,+0.898
1691050260,+3.56,+33.920, +5.366,+0.898
1691050860,+3.56,+34.348, +6.188,+0.897
1691051460,+3.56,+34.866, +6.977,+0.897
1691052060,+3.56,+35.117, +7.432,+0.897
1691052660,+3.56,+35.198, +7.353,+0.897
1691053260,+3.56,+35.252, +7.444,+0.897
1691053860,+3.56,+35.351, +7.624,+0.897
1691054460,+3.56,+35.576, +7.883,+0.897
1691055060,+3.56,+35.730, +7.864,+0.897
1691055660,+3.56,+35.802, +8.197,+0.896
1691056260,+3.56,+35.937, +8.355,+0.896
1691056860,+3.56,+36.028, +8.229,+0.896
