7450-546688
OS REV: 1.05 Sensor Cal: 1677874708
Time (sec),  BV (Volts),  T (deg C),  DO (mg/l),  Q ()
1691057460,+3.56,+36.182, +8.496,+0.895
1691058060,+3.56,+36.327, +8.695,+0.894
1691058660,+3.56,+36.363, +8.820,+0.894
1691059260,+3.55,+36.481, +9.154,+0.895
1691059860,+3.55,+36.490, +9.373,+0.894
1691060460,+3.55,+36.490, +9.730,+0.895
1691061060,+3.55,+36.499,+10.119,+0.895
1691061660,+3.55,+36.490,+10.172,+0.897
1691062260,+3.55,+36.499, +9.889,+0.896
1691062860,+3.55,+36.517, +9.803,+0.894
1691063460,+3.55,+36.490, +9.694,+0.894
1691064060,+3.55,+36.490, +9.664,+0.896
1691064660,+3.56,+36.490, +9.662,+0.895
1691065260,+3.56,+36.499, +9.621,+0.896
1691065860,+3.56,+36.490, +9.435,+0.895
1691066460,+3.56,+36.481, +9.497,+0.896
1691067060,+3.56,+36.372, +9.467,+0.896
1691067660,+3.56,+36.227, +9.429,+0.897
1691068260,+3.56,+36.127, +9.455,+0.896
1691068860,+3.56,+36.001, +9.412,+0.897
1691069460,+3.56,+35.811, +9.307,+0.897
1691070060,+3.56,+35.766, +9.387,+0.898
1691070660,+3.56,+35.712, +9.366,+0.898
1691071260,+3.56,+35.558, +9.412,+0.899
1691071860,+3.56,+35.342, +9.258,+0.899
1691072460,+3.56,+35.180, +9.135,+0.898
1691073060,+3.56,+35.082, +9.460,+0.897
1691073660,+3.56,+35.028, +9.417,+0.900
1691074260,+3.56,+34.848, +9.320,+0.900
1691074860,+3.57,+34.642, +9.185,+0.902
1691075460,+3.57,+34.392, +8.947,+0.902
1691076060,+3.56,+34.214, +8.797,+0.902
1691076660,+3.56,+34.071, +8.660,+0.900
1691077260,+3.56,+33.991, +8.571,+0.901
1691077860,+3.56,+33.831, +8.406,+0.902
1691078460,+3.57,+33.769, +8.257,+0.902
1691079060,+3.57,+33.680, +8.103,+0.902
1691079660,+3.57,+33.618, +7.901,+0.902
1691080260,+3.57,+33.503, +7.691,+0.901
1691080860,+3.57,+33.476, +7.594,+0.902
1691081460,+3.57,+33.379, +7.432,+0.901
1691082060,+3.57,+33.370, +7.291,+0.901
1691082660,+3.57,+33.334, +7.158,+0.900
1691083260,+3.57,+33.281, +6.980,+0.902
1691083860,+3.57,+33.290, +6.745,+0.900
1691084460,+3.57,+33.264, +6.638,+0.901
1691085060,+3.57,+33.255, +6.535,+0.900
1691085660,+3.57,+33.219, +6.428,+0.900
1691086260,+3.57,+33.202, +6.346,+0.899
1691086860,+3.57,+33.193, +6.303,+0.899
1691087460,+3.57,+33.175, +6.210,+0.900
1691088060,+3.57,+33.122, +6.200,+0.899
1691088660,+3.56,+33.078, +6.166,+0.900
1691089260,+3.56,+33.060, +6.237,+0.900
1691089860,+3.56,+33.034, +6.234,+0.900
1691090460,+3.56,+33.052, +6.146,+0.900
1691091060,+3.56,+32.981, +6.142,+0.899
1691091660,+3.56,+32.972, +6.005,+0.899
1691092260,+3.56,+32.946, +5.964,+0.899
1691092860,+3.56,+32.981, +6.021,+0.900
1691093460,+3.56,+33.069, +6.153,+0.900
1691094060,+3.57,+33.158, +6.263,+0.899
1691094660,+3.57,+33.290, +6.272,+0.900
1691095260,+3.57,+33.334, +6.312,+0.900
1691095860,+3.57,+33.326, +6.253,+0.899
1691096460,+3.57,+33.281, +6.147,+0.899
1691097060,+3.57,+33.281, +6.063,+0.899
1691097660,+3.57,+33.308, +6.045,+0.899
1691098260,+3.57,+33.290, +6.069,+0.899
1691098860,+3.57,+33.273, +5.953,+0.899
1691099460,+3.57,+33.158, +5.762,+0.899
1691100060,+3.56,+33.078, +5.593,+0.898
1691100660,+3.56,+33.078, +5.737,+0.899
1691101260,+3.56,+33.043, +5.736,+0.898
1691101860,+3.56,+33.034, +5.713,+0.899
1691102460,+3.56,+33.016, +5.675,+0.899
1691103060,+3.56,+32.963, +5.628,+0.899
1691103660,+3.56,+32.901, +5.497,+0.898
1691104260,+3.56,+32.796, +5.446,+0.899
1691104860,+3.56,+32.743, +5.443,+0.899
1691105460,+3.56,+32.725, +5.452,+0.899
1691106060,+3.56,+32.734, +5.524,+0.900
1691106660,+3.57,+32.373, +4.880,+0.898
1691107260,+3.57,+32.215, +4.888,+0.898
1691107860,+3.57,+32.198, +4.843,+0.898
1691108460,+3.57,+32.031, +4.565,+0.898
1691109060,+3.56,+31.812, +4.349,+0.898
1691109660,+3.57,+31.480, +3.912,+0.897
1691110260,+3.57,+31.341, +3.831,+0.898
1691110860,+3.57,+31.262, +3.724,+0.897
1691111460,+3.57,+31.210, +3.571,+0.898
1691112060,+3.57,+31.219, +3.525,+0.898
1691112660,+3.57,+31.271, +3.510,+0.897
1691113260,+3.57,+31.315, +3.456,+0.898
1691113860,+3.57,+31.315, +3.461,+0.898
1691114460,+3.57,+31.367, +3.354,+0.898
1691115060,+3.57,+31.367, +3.320,+0.898
1691115660,+3.57,+31.384, +3.305,+0.898
1691116260,+3.57,+31.393, +3.309,+0.898
1691116860,+3.56,+31.681, +3.578,+0.898
1691117460,+3.57,+32.092, +3.836,+0.898
1691118060,+3.57,+32.365, +4.013,+0.897
1691118660,+3.57,+32.329, +3.906,+0.897
1691119260,+3.57,+32.338, +3.998,+0.897
1691119860,+3.57,+32.259, +3.982,+0.897
1691120460,+3.57,+32.321, +3.995,+0.897
1691121060,+3.56,+32.514, +4.182,+0.897
1691121660,+3.56,+32.576, +4.124,+0.897
1691122260,+3.56,+32.523, +4.259,+0.897
1691122860,+3.56,+32.514, +4.150,+0.897
1691123460,+3.56,+32.584, +4.542,+0.897
1691124060,+3.56,+32.778, +5.016,+0.897
1691124660,+3.56,+32.840, +5.023,+0.898
1691125260,+3.56,+32.928, +5.206,+0.898
1691125860,+3.56,+32.946, +4.978,+0.898
1691126460,+3.56,+33.166, +5.742,+0.898
1691127060,+3.56,+33.228, +5.879,+0.898
1691127660,+3.56,+33.281, +6.074,+0.899
1691128260,+3.56,+33.326, +5.967,+0.898
1691128860,+3.56,+33.317, +5.977,+0.898
1691129460,+3.56,+33.388, +6.068,+0.899
1691130060,+3.56,+33.370, +5.972,+0.897
1691130660,+3.56,+33.512, +6.131,+0.899
1691131260,+3.56,+33.645, +6.252,+0.897
1691131860,+3.56,+33.680, +6.190,+0.898
1691132460,+3.56,+33.636, +6.113,+0.898
1691133060,+3.56,+33.671, +6.189,+0.898
1691133660,+3.56,+33.982, +6.710,+0.898
1691134260,+3.56,+34.250, +6.978,+0.898
1691134860,+3.56,+34.446, +7.245,+0.898
1691135460,+3.56,+34.562, +7.423,+0.898
1691136060,+3.56,+34.580, +7.443,+0.897
1691136660,+3.56,+34.705, +7.555,+0.897
1691137260,+3.56,+34.750, +7.635,+0.898
1691137860,+3.56,+34.732, +7.756,+0.899
1691138460,+3.56,+34.768, +7.969,+0.898
1691139060,+3.56,+34.813, +8.094,+0.897
1691139660,+3.56,+34.893, +8.297,+0.898
1691140260,+3.56,+34.983, +8.743,+0.899
1691140860,+3.56,+35.135, +8.836,+0.898
1691141460,+3.56,+35.153, +9.012,+0.899
1691142060,+3.56,+35.189, +9.193,+0.898
1691142660,+3.56,+35.225, +9.398,+0.898
1691143260,+3.56,+35.315, +9.874,+0.899
1691143860,+3.56,+35.405,+10.049,+0.897
