7450-625887				
OS REV: 1.05 Sensor Cal: 1677879457				
Time (sec)	  BV (Volts)	  T (deg C)	  DO (mg/l)	  Q ()
1690274460	3.5	34.638	8.468	0.934
1690275060	3.5	34.763	8.444	0.933
1690275660	3.5	34.844	8.505	0.934
1690276260	3.5	35.005	8.728	0.932
1690276860	3.5	35.122	8.825	0.932
1690277460	3.5	34.826	8.478	0.932
1690278060	3.5	34.665	8.464	0.933
1690278660	3.5	34.638	8.454	0.933
1690279260	3.51	34.612	8.46	0.933
1690279860	3.51	34.674	8.537	0.934
1690280460	3.51	34.665	8.431	0.934
1690281060	3.51	34.603	8.364	0.933
1690281660	3.51	34.728	8.349	0.933
1690282260	3.51	34.844	8.472	0.932
1690282860	3.5	35.023	8.615	0.933
1690283460	3.51	35.175	8.891	0.932
1690284060	3.51	35.175	8.885	0.932
1690284660	3.51	35.454	9.364	0.931
1690285260	3.51	35.553	9.343	0.931
1690285860	3.51	35.571	9.463	0.93
1690286460	3.51	35.634	9.515	0.93
1690287060	3.51	35.787	9.855	0.93
1690287660	3.51	35.778	9.874	0.929
1690288260	3.51	35.814	9.81	0.928
1690288860	3.51	35.895	9.808	0.929
1690289460	3.51	36.039	10.022	0.928
1690290060	3.51	35.886	9.79	0.929
1690290660	3.52	35.742	9.633	0.929
1690291260	3.52	35.625	9.512	0.93
1690291860	3.52	35.463	9.163	0.93
1690292460	3.52	35.4	9.201	0.932
1690293060	3.52	35.355	9.123	0.93
1690293660	3.51	35.265	9.063	0.933
1690294260	3.51	35.22	8.985	0.931
1690294860	3.51	35.166	8.857	0.932
1690295460	3.52	35.095	8.686	0.931
1690296060	3.52	35.148	8.875	0.932
1690296660	3.52	35.095	8.684	0.933
1690297260	3.52	35.113	8.91	0.933
1690297860	3.52	34.951	8.52	0.933
1690298460	3.52	34.871	8.41	0.933
1690299060	3.52	34.898	8.5	0.933
1690299660	3.52	34.853	8.502	0.932
1690300260	3.52	34.942	8.862	0.933
1690300860	3.52	34.835	8.409	0.932
1690301460	3.52	34.665	8.333	0.933
1690302060	3.52	34.674	8.83	0.934
1690302660	3.52	34.531	8.662	0.935
1690303260	3.52	34.273	7.989	0.935
1690303860	3.52	34.157	7.46	0.935
1690304460	3.52	34.024	7.022	0.935
1690305060	3.52	34.032	7.108	0.935
1690305660	3.52	33.988	6.949	0.935
1690306260	3.52	33.944	7.197	0.935
1690306860	3.52	33.899	7.293	0.937
1690307460	3.52	33.775	6.89	0.935
1690308060	3.52	33.695	6.536	0.936
1690308660	3.52	33.704	6.605	0.936
1690309260	3.53	33.677	6.616	0.936
1690309860	3.53	33.677	6.607	0.937
1690310460	3.53	33.704	6.821	0.937
1690311060	3.52	33.748	6.974	0.936
1690311660	3.52	33.748	7.001	0.937
1690312260	3.53	33.757	7.27	0.937
1690312860	3.53	33.748	7.28	0.936
1690313460	3.53	33.731	7.263	0.936
1690314060	3.53	33.677	7.345	0.937
1690314660	3.53	33.651	7.34	0.937
1690315260	3.53	33.633	7.344	0.937
1690315860	3.53	33.615	7.267	0.937
1690316460	3.53	33.598	7.1	0.937
1690317060	3.53	33.686	6.648	0.937
1690317660	3.53	33.731	6.935	0.937
1690318260	3.53	33.731	7.109	0.937
1690318860	3.53	33.739	7.181	0.937
1690319460	3.53	33.81	6.941	0.936
1690320060	3.53	33.864	6.503	0.936
1690320660	3.53	33.802	6.364	0.936
1690321260	3.53	33.624	6.362	0.936
1690321860	3.53	33.545	6.572	0.937
1690322460	3.53	33.562	6.714	0.937
1690323060	3.53	33.562	6.913	0.937
1690323660	3.53	33.509	6.909	0.937
1690324260	3.53	33.509	6.877	0.937
1690324860	3.53	33.474	6.891	0.938
1690325460	3.53	33.5	6.238	0.936
1690326060	3.53	33.429	6.134	0.937
1690326660	3.53	33.191	6.383	0.937
1690327260	3.53	33.058	6.277	0.937
1690327860	3.53	32.997	6.112	0.937
1690328460	3.53	32.961	5.999	0.937
1690329060	3.53	32.917	5.885	0.937
1690329660	3.53	32.891	5.642	0.938
1690330260	3.53	32.873	5.508	0.938
1690330860	3.53	32.891	5.455	0.938
1690331460	3.53	32.882	5.423	0.938
1690332060	3.53	32.891	5.314	0.938
1690332660	3.53	32.9	5.513	0.938
1690333260	3.53	32.9	5.539	0.938
1690333860	3.53	32.891	5.393	0.937
1690334460	3.53	32.891	5.492	0.938
1690335060	3.53	32.873	5.529	0.938
1690335660	3.53	32.865	5.501	0.938
1690336260	3.53	32.829	5.456	0.938
1690336860	3.53	32.803	5.427	0.938
1690337460	3.53	32.812	5.373	0.938
1690338060	3.53	32.865	5.476	0.938
1690338660	3.53	32.882	5.608	0.938
1690339260	3.53	32.917	5.741	0.938
1690339860	3.53	32.909	5.714	0.937
1690340460	3.53	32.882	5.761	0.938
1690341060	3.53	32.865	5.801	0.939
1690341660	3.53	32.865	5.84	0.938
1690342260	3.53	32.847	5.735	0.938
1690342860	3.53	32.829	5.72	0.938
1690343460	3.53	32.856	5.712	0.938
1690344060	3.53	32.865	5.689	0.938
1690344660	3.53	32.9	5.802	0.938
1690345260	3.53	32.865	5.909	0.938
1690345860	3.53	32.909	5.958	0.938
1690346460	3.53	32.935	5.939	0.939
1690347060	3.53	32.953	5.968	0.938
1690347660	3.53	33.058	6.065	0.938
1690348260	3.53	33.085	6.06	0.939
1690348860	3.53	33.12	6.057	0.938
1690349460	3.53	33.111	6.074	0.938
1690350060	3.53	33.129	6.025	0.938
1690350660	3.53	33.111	6.018	0.938
1690351260	3.53	33.306	6.307	0.938
1690351860	3.53	33.368	6.271	0.938
1690352460	3.53	33.447	6.333	0.937
1690353060	3.53	33.5	6.443	0.938
1690353660	3.53	33.536	6.432	0.937
1690354260	3.53	33.58	6.441	0.937
1690354860	3.53	33.704	6.593	0.937
1690355460	3.53	33.766	6.694	0.937
1690356060	3.53	33.926	6.838	0.936
1690356660	3.53	33.873	6.826	0.937
1690357260	3.53	33.997	6.97	0.937
1690357860	3.53	34.184	7.257	0.935
1690358460	3.53	34.21	7.298	0.935
1690359060	3.53	34.237	7.239	0.937
1690359660	3.53	34.362	7.385	0.936
1690360260	3.53	34.397	7.429	0.935
1690360860	3.53	34.46	7.5	0.936
