7450-435816
OS REV: 1.05 Sensor Cal: 1652983418
Time (sec),  BV (Volts),  T (deg C),  DO (mg/l),  Q ()
1690187460,+3.49,+21.888, +8.331,+0.881
1690188060,+3.49,+22.323, +8.262,+0.881
1690188660,+3.49,+23.068, +8.172,+0.881
1690189260,+3.49,+23.411, +8.127,+0.881
1690189860,+3.49,+23.730, +8.074,+0.880
1690190460,+3.49,+24.107, +8.030,+0.881
1690191060,+3.49,+24.426, +7.993,+0.881
1690191660,+3.49,+24.628, +7.964,+0.881
1690192260,+3.49,+25.469, +7.846,+0.881
1690192860,+3.49,+27.671, +7.563,+0.880
1690193460,+3.49,+26.940, +7.674,+0.881
1690194060,+3.49,+26.085, +7.783,+0.881
1690194660,+3.50,+25.444, +7.873,+0.882
1690195260,+3.50,+24.905, +7.928,+0.881
1690195860,+3.50,+24.409, +8.000,+0.881
1690196460,+3.50,+24.023, +8.053,+0.881
1690197060,+3.50,+23.596, +8.122,+0.882
1690197660,+3.50,+23.286, +8.153,+0.882
1690198260,+3.50,+22.942, +8.202,+0.882
1690198860,+3.51,+22.675, +8.250,+0.882
1690199460,+3.51,+22.407, +8.278,+0.882
1690200060,+3.51,+22.206, +8.310,+0.882
1690200660,+3.50,+21.955, +8.343,+0.882
1690201260,+3.51,+21.755, +8.375,+0.882
1690201860,+3.51,+21.587, +8.402,+0.882
1690202460,+3.51,+21.412, +8.425,+0.882
1690203060,+3.51,+21.278, +8.433,+0.882
1690203660,+3.51,+21.136, +8.454,+0.882
1690204260,+3.51,+21.010, +8.481,+0.882
1690204860,+3.51,+20.885, +8.501,+0.883
1690205460,+3.51,+20.709, +8.527,+0.882
1690206060,+3.51,+20.558, +8.548,+0.882
1690206660,+3.51,+20.450, +8.571,+0.883
1690207260,+3.51,+20.383, +8.580,+0.882
1690207860,+3.51,+20.257, +8.595,+0.882
1690208460,+3.51,+20.224, +8.613,+0.883
1690209060,+3.51,+20.106, +8.630,+0.883
1690209660,+3.51,+20.064, +8.622,+0.882
1690210260,+3.51,+19.997, +8.638,+0.882
1690210860,+3.51,+19.997, +8.637,+0.882
1690211460,+3.51,+20.023, +8.630,+0.883
1690212060,+3.51,+20.023, +8.622,+0.882
1690212660,+3.51,+20.006, +8.624,+0.882
1690213260,+3.51,+19.956, +8.647,+0.883
1690213860,+3.51,+19.905, +8.649,+0.882
1690214460,+3.51,+19.813, +8.657,+0.882
1690215060,+3.51,+19.771, +8.660,+0.882
1690215660,+3.51,+19.671, +8.687,+0.882
1690216260,+3.51,+19.612, +8.705,+0.883
1690216860,+3.51,+19.536, +8.721,+0.883
1690217460,+3.51,+19.461, +8.725,+0.882
1690218060,+3.51,+19.453, +8.727,+0.882
1690218660,+3.51,+19.419, +8.735,+0.882
1690219260,+3.51,+19.411, +8.736,+0.883
1690219860,+3.51,+19.377, +8.738,+0.882
1690220460,+3.52,+19.369, +8.748,+0.883
1690221060,+3.52,+19.344, +8.740,+0.882
1690221660,+3.51,+19.327, +8.755,+0.883
1690222260,+3.51,+19.335, +8.748,+0.883
1690222860,+3.52,+19.310, +8.743,+0.882
1690223460,+3.52,+19.310, +8.745,+0.882
1690224060,+3.51,+19.302, +8.742,+0.882
1690224660,+3.52,+19.234, +8.767,+0.882
1690225260,+3.52,+19.234, +8.765,+0.883
1690225860,+3.52,+19.234, +8.755,+0.882
1690226460,+3.52,+19.201, +8.768,+0.883
1690227060,+3.52,+19.192, +8.777,+0.883
1690227660,+3.52,+19.184, +8.774,+0.883
1690228260,+3.52,+19.167, +8.778,+0.883
1690228860,+3.52,+19.150, +8.781,+0.883
1690229460,+3.52,+19.159, +8.767,+0.882
1690230060,+3.52,+19.150, +8.777,+0.883
1690230660,+3.52,+19.117, +8.784,+0.883
1690231260,+3.52,+19.117, +8.784,+0.883
1690231860,+3.52,+19.134, +8.766,+0.882
1690232460,+3.52,+19.109, +8.775,+0.882
1690233060,+3.52,+19.134, +8.767,+0.882
1690233660,+3.52,+19.109, +8.773,+0.883
1690234260,+3.52,+19.109, +8.773,+0.883
1690234860,+3.52,+19.100, +8.778,+0.883
1690235460,+3.52,+19.092, +8.783,+0.883
1690236060,+3.52,+19.092, +8.779,+0.882
1690236660,+3.52,+19.092, +8.782,+0.883
1690237260,+3.52,+19.100, +8.779,+0.883
1690237860,+3.52,+19.100, +8.767,+0.882
1690238460,+3.52,+19.092, +8.783,+0.883
1690239060,+3.52,+19.083, +8.772,+0.882
1690239660,+3.52,+19.083, +8.778,+0.883
1690240260,+3.52,+19.058, +8.791,+0.883
1690240860,+3.52,+19.058, +8.782,+0.883
1690241460,+3.52,+19.058, +8.779,+0.882
1690242060,+3.52,+19.058, +8.783,+0.882
1690242660,+3.52,+19.058, +8.783,+0.882
1690243260,+3.52,+19.041, +8.782,+0.882
1690243860,+3.52,+19.058, +8.782,+0.883
1690244460,+3.52,+19.067, +8.788,+0.883
1690245060,+3.52,+19.058, +8.778,+0.882
1690245660,+3.52,+19.050, +8.776,+0.882
1690246260,+3.52,+19.050, +8.792,+0.883
1690246860,+3.52,+19.041, +8.782,+0.882
1690247460,+3.52,+19.050, +8.785,+0.882
1690248060,+3.52,+19.041, +8.795,+0.883
1690248660,+3.52,+19.033, +8.791,+0.883
1690249260,+3.52,+19.050, +8.780,+0.882
1690249860,+3.52,+19.033, +8.780,+0.882
1690250460,+3.52,+19.033, +8.793,+0.883
1690251060,+3.52,+19.033, +8.787,+0.882
1690251660,+3.52,+19.016, +8.792,+0.882
1690252260,+3.52,+19.033, +8.785,+0.882
1690252860,+3.52,+19.016, +8.802,+0.883
1690253460,+3.52,+19.016, +8.791,+0.882
1690254060,+3.52,+19.016, +8.796,+0.882
1690254660,+3.52,+19.033, +8.787,+0.882
1690255260,+3.52,+19.008, +8.802,+0.883
1690255860,+3.52,+19.008, +8.799,+0.882
1690256460,+3.52,+19.008, +8.801,+0.882
1690257060,+3.52,+19.016, +8.792,+0.882
1690257660,+3.52,+19.016, +8.807,+0.883
1690258260,+3.52,+18.991, +8.804,+0.882
1690258860,+3.52,+19.025, +8.789,+0.882
1690259460,+3.52,+18.999, +8.804,+0.882
1690260060,+3.51,+18.999, +8.786,+0.882
1690260660,+3.52,+19.008, +8.806,+0.883
1690261260,+3.52,+19.016, +8.803,+0.883
1690261860,+3.52,+19.008, +8.806,+0.883
1690262460,+3.52,+19.008, +8.794,+0.882
1690263060,+3.52,+19.025, +8.792,+0.882
1690263660,+3.52,+19.016, +8.803,+0.882
1690264260,+3.51,+19.293, +8.768,+0.883
1690264860,+3.51,+20.115, +8.615,+0.881
1690265460,+3.51,+21.085, +8.464,+0.881
1690266060,+3.51,+22.465, +8.230,+0.880
1690266660,+3.51,+23.537, +8.085,+0.880
1690267260,+3.51,+24.880, +7.918,+0.880
1690267860,+3.50,+27.152, +7.604,+0.879
1690268460,+3.50,+29.021, +7.356,+0.878
1690269060,+3.50,+30.080, +7.231,+0.878
1690269660,+3.50,+30.825, +7.109,+0.878
1690270260,+3.50,+32.441, +6.856,+0.875
1690270860,+3.50,+34.227, +7.216,+0.873
1690271460,+3.50,+34.004, +7.530,+0.874
1690272060,+3.50,+34.102, +7.770,+0.874
1690272660,+3.50,+34.271, +7.922,+0.875
1690273260,+3.51,+34.423, +8.158,+0.875
1690273860,+3.51,+34.538, +8.232,+0.874
