7450-435816
OS REV: 1.05 Sensor Cal: 1652983418
Time (sec),  BV (Volts),  T (deg C),  DO (mg/l),  Q ()
1691231460,+3.54,+36.443,+10.113,+0.871
1691232060,+3.54,+36.461,+10.094,+0.870
1691232660,+3.54,+36.461,+10.140,+0.870
1691233260,+3.54,+36.461,+10.816,+0.865
1691233860,+3.54,+36.461,+10.987,+0.868
1691234460,+3.54,+36.452,+10.665,+0.871
1691235060,+3.54,+36.461,+10.450,+0.872
1691235660,+3.54,+36.471,+10.348,+0.873
1691236260,+3.54,+36.461,+10.557,+0.872
1691236860,+3.54,+36.471,+10.360,+0.872
1691237460,+3.54,+36.471,+10.198,+0.872
1691238060,+3.54,+36.471,+11.762,+0.861
1691238660,+3.54,+36.471,+11.529,+0.860
1691239260,+3.54,+36.471,+12.888,+0.869
1691239860,+3.54,+36.480,+12.432,+0.870
1691240460,+3.54,+36.471,+12.164,+0.870
1691241060,+3.54,+36.471,+12.153,+0.870
1691241660,+3.54,+36.461,+13.346,+0.860
1691242260,+3.54,+36.371,+13.566,+0.866
1691242860,+3.55,+36.136,+13.285,+0.868
1691243460,+3.55,+36.028,+13.082,+0.869
1691244060,+3.55,+35.992,+12.889,+0.873
1691244660,+3.55,+35.983,+12.584,+0.872
1691245260,+3.55,+35.929,+12.424,+0.874
1691245860,+3.55,+35.883,+12.374,+0.875
1691246460,+3.55,+35.748,+13.289,+0.878
1691247060,+3.55,+35.595,+12.947,+0.878
1691247660,+3.55,+35.434,+10.575,+0.877
1691248260,+3.55,+35.227, +9.829,+0.878
1691248860,+3.55,+35.093, +9.698,+0.877
1691249460,+3.55,+34.860, +9.445,+0.878
1691250060,+3.55,+34.672, +9.253,+0.880
1691250660,+3.55,+34.592, +8.913,+0.879
1691251260,+3.55,+34.467, +8.585,+0.880
1691251860,+3.55,+34.298, +8.849,+0.881
1691252460,+3.55,+34.093, +8.781,+0.882
1691253060,+3.55,+33.889, +8.418,+0.881
1691253660,+3.55,+33.649, +7.969,+0.882
1691254260,+3.55,+33.516, +7.653,+0.882
1691254860,+3.55,+33.516, +7.491,+0.882
1691255460,+3.55,+33.490, +7.089,+0.881
1691256060,+3.55,+33.366, +6.824,+0.881
1691256660,+3.55,+33.313, +6.717,+0.880
1691257260,+3.55,+33.278, +6.539,+0.881
1691257860,+3.55,+33.269, +6.405,+0.881
1691258460,+3.55,+33.287, +6.187,+0.881
1691259060,+3.55,+33.260, +6.016,+0.880
1691259660,+3.55,+33.216, +5.902,+0.881
1691260260,+3.55,+33.207, +5.745,+0.881
1691260860,+3.55,+33.163, +5.691,+0.881
1691261460,+3.55,+33.172, +5.592,+0.881
1691262060,+3.55,+33.154, +5.489,+0.881
1691262660,+3.55,+33.172, +5.369,+0.881
1691263260,+3.55,+33.189, +5.343,+0.880
1691263860,+3.55,+33.207, +5.296,+0.881
1691264460,+3.55,+33.295, +5.332,+0.881
1691265060,+3.55,+33.357, +5.179,+0.880
1691265660,+3.55,+33.304, +4.685,+0.881
1691266260,+3.55,+33.269, +4.804,+0.881
1691266860,+3.55,+33.269, +4.940,+0.881
1691267460,+3.55,+33.233, +4.893,+0.881
1691268060,+3.55,+33.269, +4.809,+0.881
1691268660,+3.55,+33.375, +4.645,+0.880
1691269260,+3.55,+33.375, +5.522,+0.881
1691269860,+3.55,+33.384, +5.561,+0.880
1691270460,+3.55,+33.446, +5.663,+0.881
1691271060,+3.55,+33.437, +5.998,+0.881
1691271660,+3.55,+33.446, +6.083,+0.881
1691272260,+3.55,+33.481, +6.087,+0.881
1691272860,+3.55,+33.516, +6.195,+0.881
1691273460,+3.55,+33.516, +6.242,+0.880
1691274060,+3.55,+33.410, +5.908,+0.880
1691274660,+3.55,+33.490, +6.070,+0.881
1691275260,+3.55,+33.534, +6.045,+0.881
1691275860,+3.55,+33.578, +6.112,+0.881
1691276460,+3.55,+33.490, +6.059,+0.880
1691277060,+3.55,+33.260, +5.761,+0.880
1691277660,+3.55,+33.313, +6.067,+0.880
1691278260,+3.55,+33.180, +5.748,+0.881
1691278860,+3.55,+32.872, +5.331,+0.882
1691279460,+3.55,+32.546, +4.918,+0.882
1691280060,+3.55,+32.283, +4.409,+0.883
1691280660,+3.55,+32.204, +4.316,+0.883
1691281260,+3.55,+32.020, +4.414,+0.884
1691281860,+3.55,+31.932, +4.293,+0.883
1691282460,+3.55,+31.845, +4.103,+0.883
1691283060,+3.55,+31.784, +4.013,+0.883
1691283660,+3.55,+31.670, +4.089,+0.884
1691284260,+3.55,+31.530, +4.059,+0.884
1691284860,+3.55,+31.478, +4.023,+0.884
1691285460,+3.55,+31.417, +3.971,+0.884
1691286060,+3.55,+31.347, +3.961,+0.884
1691286660,+3.55,+31.321, +3.928,+0.884
1691287260,+3.55,+31.338, +3.918,+0.884
1691287860,+3.55,+31.304, +3.856,+0.884
1691288460,+3.55,+31.251, +3.763,+0.884
1691289060,+3.55,+31.225, +3.598,+0.884
1691289660,+3.55,+31.173, +3.515,+0.885
1691290260,+3.55,+31.199, +3.325,+0.884
1691290860,+3.55,+31.234, +3.209,+0.885
1691291460,+3.55,+31.347, +3.293,+0.884
1691292060,+3.55,+31.443, +3.327,+0.884
1691292660,+3.55,+31.548, +3.401,+0.884
1691293260,+3.55,+31.687, +3.424,+0.884
1691293860,+3.55,+31.749, +3.383,+0.883
1691294460,+3.55,+31.923, +3.701,+0.883
1691295060,+3.55,+32.002, +3.766,+0.883
1691295660,+3.55,+32.300, +4.189,+0.882
1691296260,+3.55,+32.590, +4.631,+0.883
1691296860,+3.55,+32.810, +4.945,+0.881
1691297460,+3.55,+32.933, +5.120,+0.881
1691298060,+3.55,+33.110, +5.343,+0.881
1691298660,+3.55,+33.287, +5.570,+0.881
1691299260,+3.55,+33.508, +5.978,+0.880
1691299860,+3.55,+33.703, +6.248,+0.880
1691300460,+3.55,+33.818, +6.442,+0.879
1691301060,+3.55,+33.898, +6.528,+0.879
1691301660,+3.55,+33.951, +6.553,+0.879
1691302260,+3.54,+33.987, +6.596,+0.879
1691302860,+3.54,+34.075, +6.744,+0.879
1691303460,+3.54,+34.155, +6.911,+0.879
1691304060,+3.54,+34.191, +6.881,+0.879
1691304660,+3.54,+34.200, +6.852,+0.879
1691305260,+3.54,+34.164, +6.707,+0.879
1691305860,+3.55,+34.236, +6.969,+0.878
1691306460,+3.55,+34.333, +7.306,+0.879
1691307060,+3.55,+34.458, +7.560,+0.879
1691307660,+3.55,+34.574, +7.768,+0.879
1691308260,+3.55,+34.637, +7.870,+0.879
1691308860,+3.55,+34.744, +8.106,+0.879
1691309460,+3.54,+34.949, +8.529,+0.878
1691310060,+3.54,+35.084, +8.808,+0.879
1691310660,+3.54,+35.164, +8.860,+0.878
1691311260,+3.54,+35.263, +8.946,+0.876
1691311860,+3.54,+35.371, +9.046,+0.877
1691312460,+3.55,+35.452, +9.166,+0.877
1691313060,+3.55,+35.586, +9.301,+0.876
1691313660,+3.55,+35.685, +9.349,+0.877
1691314260,+3.55,+35.694, +9.352,+0.876
1691314860,+3.55,+35.730, +9.222,+0.876
1691315460,+3.55,+35.730, +9.198,+0.876
1691316060,+3.55,+35.757, +9.226,+0.875
1691316660,+3.55,+35.748, +9.173,+0.875
1691317260,+3.55,+35.757, +9.164,+0.875
1691317860,+3.55,+35.820, +9.275,+0.874
