7450-435816
OS REV: 1.05 Sensor Cal: 1652983418
Time (sec),  BV (Volts),  T (deg C),  DO (mg/l),  Q ()
1690535460,+3.54,+35.003, +8.839,+0.876
1690536060,+3.54,+35.057, +8.846,+0.876
1690536660,+3.54,+35.120, +8.937,+0.875
1690537260,+3.54,+35.191, +8.955,+0.876
1690537860,+3.54,+35.308, +9.052,+0.875
1690538460,+3.54,+35.380, +9.110,+0.875
1690539060,+3.55,+35.443, +9.155,+0.874
1690539660,+3.55,+35.479, +9.172,+0.874
1690540260,+3.55,+35.505, +9.185,+0.874
1690540860,+3.55,+35.523, +9.279,+0.874
1690541460,+3.55,+35.523, +9.236,+0.875
1690542060,+3.55,+35.523, +9.186,+0.874
1690542660,+3.55,+35.532, +9.280,+0.874
1690543260,+3.55,+35.604, +9.329,+0.874
1690543860,+3.55,+35.631, +9.241,+0.874
1690544460,+3.55,+35.604, +9.237,+0.874
1690545060,+3.55,+35.595, +9.255,+0.875
1690545660,+3.55,+35.559, +9.222,+0.874
1690546260,+3.55,+35.488, +9.364,+0.874
1690546860,+3.55,+35.371, +9.093,+0.875
1690547460,+3.54,+35.335, +8.949,+0.874
1690548060,+3.54,+35.281, +8.820,+0.875
1690548660,+3.54,+35.272, +8.825,+0.875
1690549260,+3.54,+35.218, +8.890,+0.875
1690549860,+3.54,+35.191, +8.893,+0.876
1690550460,+3.55,+35.155, +8.795,+0.876
1690551060,+3.55,+35.102, +8.821,+0.876
1690551660,+3.55,+35.102, +9.002,+0.875
1690552260,+3.55,+35.048, +9.160,+0.873
1690552860,+3.55,+35.021, +9.115,+0.874
1690553460,+3.55,+34.878, +8.915,+0.877
1690554060,+3.55,+34.699, +8.874,+0.878
1690554660,+3.55,+34.637, +8.836,+0.878
1690555260,+3.55,+34.565, +8.805,+0.878
1690555860,+3.55,+34.476, +9.665,+0.872
1690556460,+3.55,+34.396, +8.859,+0.879
1690557060,+3.55,+34.280, +8.608,+0.878
1690557660,+3.55,+34.182, +8.558,+0.879
1690558260,+3.55,+34.031, +8.649,+0.877
1690558860,+3.55,+33.862, +8.441,+0.880
1690559460,+3.55,+33.658, +8.247,+0.881
1690560060,+3.55,+33.561, +8.066,+0.880
1690560660,+3.55,+33.463, +7.909,+0.880
1690561260,+3.55,+33.313, +7.710,+0.881
1690561860,+3.55,+33.145, +7.512,+0.881
1690562460,+3.55,+33.083, +7.388,+0.881
1690563060,+3.55,+32.960, +7.179,+0.880
1690563660,+3.55,+32.881, +6.974,+0.880
1690564260,+3.55,+32.801, +6.812,+0.881
1690564860,+3.55,+32.704, +6.629,+0.880
1690565460,+3.55,+32.652, +6.541,+0.882
1690566060,+3.55,+32.616, +6.379,+0.880
1690566660,+3.55,+32.546, +6.193,+0.880
1690567260,+3.55,+32.555, +6.056,+0.881
1690567860,+3.55,+32.529, +5.926,+0.880
1690568460,+3.55,+32.520, +5.850,+0.880
1690569060,+3.55,+32.476, +5.720,+0.880
1690569660,+3.55,+32.441, +5.685,+0.882
1690570260,+3.55,+32.414, +5.575,+0.880
1690570860,+3.55,+32.397, +5.360,+0.881
1690571460,+3.55,+32.370, +5.212,+0.880
1690572060,+3.55,+32.362, +5.166,+0.881
1690572660,+3.55,+32.362, +5.249,+0.881
1690573260,+3.55,+32.397, +5.187,+0.881
1690573860,+3.55,+32.423, +5.119,+0.880
1690574460,+3.55,+32.458, +5.090,+0.881
1690575060,+3.55,+32.493, +4.955,+0.880
1690575660,+3.55,+32.722, +5.093,+0.879
1690576260,+3.55,+32.669, +4.971,+0.880
1690576860,+3.55,+32.652, +4.889,+0.880
1690577460,+3.55,+32.652, +4.829,+0.880
1690578060,+3.55,+32.696, +4.908,+0.880
1690578660,+3.55,+32.801, +4.727,+0.879
1690579260,+3.55,+32.740, +4.471,+0.880
1690579860,+3.55,+32.766, +4.519,+0.880
1690580460,+3.55,+32.819, +4.588,+0.880
1690581060,+3.55,+32.845, +4.675,+0.880
1690581660,+3.55,+32.925, +4.643,+0.879
1690582260,+3.55,+32.986, +4.673,+0.879
1690582860,+3.55,+32.995, +4.821,+0.880
1690583460,+3.55,+32.978, +4.781,+0.879
1690584060,+3.55,+33.075, +5.127,+0.879
1690584660,+3.55,+33.083, +4.933,+0.879
1690585260,+3.55,+33.154, +5.355,+0.879
1690585860,+3.55,+33.242, +5.440,+0.879
1690586460,+3.55,+33.216, +4.921,+0.879
1690587060,+3.55,+33.172, +4.504,+0.879
1690587660,+3.55,+33.092, +4.662,+0.879
1690588260,+3.55,+33.039, +5.312,+0.879
1690588860,+3.55,+33.022, +5.897,+0.880
1690589460,+3.55,+33.075, +5.902,+0.880
1690590060,+3.55,+33.145, +6.010,+0.879
1690590660,+3.55,+33.163, +5.950,+0.878
1690591260,+3.55,+33.101, +6.238,+0.880
1690591860,+3.55,+33.119, +6.301,+0.880
1690592460,+3.55,+33.154, +6.275,+0.879
1690593060,+3.55,+33.101, +6.111,+0.880
1690593660,+3.55,+33.030, +6.043,+0.879
1690594260,+3.55,+32.942, +5.890,+0.879
1690594860,+3.55,+32.687, +5.595,+0.880
1690595460,+3.55,+32.573, +5.539,+0.879
1690596060,+3.55,+32.441, +5.491,+0.881
1690596660,+3.55,+32.239, +5.061,+0.881
1690597260,+3.55,+32.116, +4.658,+0.881
1690597860,+3.55,+31.967, +4.417,+0.882
1690598460,+3.55,+31.871, +4.193,+0.881
1690599060,+3.55,+31.740, +3.944,+0.881
1690599660,+3.55,+31.626, +4.072,+0.882
1690600260,+3.55,+31.539, +4.073,+0.882
1690600860,+3.55,+31.426, +4.019,+0.882
1690601460,+3.55,+31.338, +3.778,+0.882
1690602060,+3.55,+31.182, +3.582,+0.882
1690602660,+3.55,+31.051, +3.397,+0.882
1690603260,+3.55,+31.016, +3.251,+0.882
1690603860,+3.55,+30.938, +3.124,+0.883
1690604460,+3.55,+30.912, +2.980,+0.883
1690605060,+3.55,+30.903, +2.888,+0.882
1690605660,+3.55,+30.929, +2.823,+0.883
1690606260,+3.55,+30.990, +2.769,+0.882
1690606860,+3.55,+31.051, +2.715,+0.882
1690607460,+3.55,+31.086, +2.691,+0.882
1690608060,+3.55,+31.182, +2.710,+0.882
1690608660,+3.55,+31.277, +2.916,+0.882
1690609260,+3.55,+31.365, +3.013,+0.882
1690609860,+3.55,+31.495, +3.119,+0.882
1690610460,+3.55,+31.635, +3.293,+0.882
1690611060,+3.55,+31.757, +3.482,+0.881
1690611660,+3.55,+31.950, +3.386,+0.881
1690612260,+3.55,+32.125, +3.912,+0.881
1690612860,+3.55,+32.318, +3.866,+0.880
1690613460,+3.55,+32.502, +4.143,+0.880
1690614060,+3.55,+33.172, +5.634,+0.880
1690614660,+3.55,+33.393, +5.754,+0.878
1690615260,+3.55,+33.570, +5.748,+0.878
1690615860,+3.55,+33.747, +5.740,+0.877
1690616460,+3.54,+33.898, +5.815,+0.876
1690617060,+3.54,+34.111, +6.217,+0.877
1690617660,+3.54,+34.218, +6.437,+0.876
1690618260,+3.55,+34.405, +6.332,+0.876
1690618860,+3.55,+34.574, +7.324,+0.876
1690619460,+3.55,+34.780, +7.567,+0.877
1690620060,+3.54,+34.923, +7.480,+0.875
1690620660,+3.54,+35.039, +7.776,+0.875
1690621260,+3.54,+35.138, +8.185,+0.876
1690621860,+3.54,+35.218, +8.322,+0.875
