7450-435816
OS REV: 1.05 Sensor Cal: 1652983418
Time (sec),  BV (Volts),  T (deg C),  DO (mg/l),  Q ()
1690448460,+3.55,+34.672, +8.165,+0.876
1690449060,+3.55,+34.672, +8.640,+0.875
1690449660,+3.55,+34.762, +8.570,+0.875
1690450260,+3.55,+34.932, +8.681,+0.876
1690450860,+3.54,+35.048, +8.831,+0.876
1690451460,+3.54,+35.111, +8.842,+0.876
1690452060,+3.54,+35.191, +8.928,+0.875
1690452660,+3.54,+35.308, +9.151,+0.876
1690453260,+3.55,+35.479, +9.321,+0.874
1690453860,+3.55,+35.865, +9.666,+0.873
1690454460,+3.54,+36.073, +9.767,+0.872
1690455060,+3.54,+36.136, +9.870,+0.872
1690455660,+3.54,+36.199, +9.984,+0.872
1690456260,+3.54,+36.064, +9.870,+0.872
1690456860,+3.55,+35.856, +9.619,+0.872
1690457460,+3.55,+35.766, +9.543,+0.874
1690458060,+3.55,+35.613, +9.292,+0.873
1690458660,+3.55,+35.398, +9.005,+0.875
1690459260,+3.54,+35.272, +8.919,+0.875
1690459860,+3.54,+35.084, +9.200,+0.868
1690460460,+3.55,+34.887, +8.845,+0.874
1690461060,+3.55,+34.824, +8.672,+0.876
1690461660,+3.55,+34.699, +8.584,+0.876
1690462260,+3.55,+34.655, +8.576,+0.877
1690462860,+3.55,+34.547, +8.561,+0.877
1690463460,+3.55,+34.538, +8.537,+0.877
1690464060,+3.55,+34.405,+10.357,+0.861
1690464660,+3.55,+34.333, +9.820,+0.868
1690465260,+3.55,+34.325, +9.408,+0.872
1690465860,+3.55,+34.316, +9.230,+0.875
1690466460,+3.55,+34.244, +9.756,+0.872
1690467060,+3.55,+34.173, +9.939,+0.875
1690467660,+3.55,+34.173,+10.560,+0.873
1690468260,+3.55,+34.120,+10.163,+0.876
1690468860,+3.55,+34.040, +9.774,+0.878
1690469460,+3.55,+34.022, +9.363,+0.878
1690470060,+3.55,+33.995, +8.419,+0.879
1690470660,+3.55,+33.942, +8.141,+0.879
1690471260,+3.55,+33.844, +8.640,+0.863
1690471860,+3.55,+33.800, +8.641,+0.866
1690472460,+3.55,+33.773, +8.570,+0.869
1690473060,+3.55,+33.649, +8.496,+0.872
1690473660,+3.55,+33.552, +8.364,+0.874
1690474260,+3.55,+33.481, +8.223,+0.876
1690474860,+3.55,+33.393, +8.131,+0.875
1690475460,+3.55,+33.304, +7.952,+0.876
1690476060,+3.55,+33.216, +7.828,+0.877
1690476660,+3.55,+33.136, +7.635,+0.877
1690477260,+3.55,+32.978, +7.323,+0.878
1690477860,+3.55,+32.872, +7.148,+0.878
1690478460,+3.55,+32.819, +7.022,+0.879
1690479060,+3.55,+32.775, +6.889,+0.879
1690479660,+3.55,+32.740, +6.737,+0.879
1690480260,+3.55,+32.740, +6.583,+0.879
1690480860,+3.55,+32.687, +6.315,+0.879
1690481460,+3.55,+32.643, +6.133,+0.879
1690482060,+3.55,+32.634, +6.046,+0.879
1690482660,+3.55,+32.643, +6.002,+0.879
1690483260,+3.55,+32.652, +5.938,+0.879
1690483860,+3.55,+32.660, +5.841,+0.879
1690484460,+3.55,+32.643, +5.630,+0.879
1690485060,+3.55,+32.625, +5.498,+0.879
1690485660,+3.55,+32.660, +5.569,+0.879
1690486260,+3.55,+32.766, +5.638,+0.879
1690486860,+3.55,+32.819, +5.679,+0.879
1690487460,+3.55,+32.933, +5.736,+0.880
1690488060,+3.55,+32.960, +5.736,+0.879
1690488660,+3.55,+33.022, +5.690,+0.879
1690489260,+3.55,+33.092, +5.724,+0.879
1690489860,+3.55,+33.083, +5.655,+0.879
1690490460,+3.55,+33.057, +5.392,+0.878
1690491060,+3.55,+33.039, +5.521,+0.879
1690491660,+3.55,+33.048, +5.378,+0.879
1690492260,+3.55,+33.083, +5.072,+0.879
1690492860,+3.55,+33.083, +4.699,+0.878
1690493460,+3.55,+33.145, +4.828,+0.879
1690494060,+3.55,+33.295, +5.080,+0.878
1690494660,+3.55,+33.189, +4.623,+0.878
1690495260,+3.55,+33.154, +4.468,+0.878
1690495860,+3.55,+33.172, +4.430,+0.878
1690496460,+3.55,+33.269, +4.627,+0.878
1690497060,+3.55,+33.348, +5.205,+0.877
1690497660,+3.55,+33.393, +5.648,+0.878
1690498260,+3.55,+33.410, +5.775,+0.878
1690498860,+3.55,+33.348, +5.175,+0.878
1690499460,+3.55,+33.331, +5.065,+0.878
1690500060,+3.55,+33.233, +4.339,+0.878
1690500660,+3.55,+33.313, +5.887,+0.879
1690501260,+3.55,+33.322, +5.709,+0.878
1690501860,+3.55,+33.331, +5.759,+0.878
1690502460,+3.55,+33.375, +5.883,+0.878
1690503060,+3.55,+33.322, +5.618,+0.878
1690503660,+3.55,+33.348, +5.780,+0.878
1690504260,+3.55,+33.348, +5.673,+0.879
1690504860,+3.55,+33.313, +5.659,+0.879
1690505460,+3.55,+33.331, +5.654,+0.879
1690506060,+3.55,+33.348, +5.470,+0.878
1690506660,+3.55,+33.348, +5.424,+0.878
1690507260,+3.55,+33.340, +5.556,+0.878
1690507860,+3.55,+33.322, +5.743,+0.878
1690508460,+3.55,+33.260, +5.736,+0.879
1690509060,+3.55,+33.198, +5.840,+0.879
1690509660,+3.55,+32.986, +5.653,+0.879
1690510260,+3.55,+32.792, +5.543,+0.880
1690510860,+3.55,+32.652, +5.448,+0.880
1690511460,+3.55,+32.476, +5.396,+0.880
1690512060,+3.55,+32.335, +5.255,+0.880
1690512660,+3.55,+32.204, +5.052,+0.881
1690513260,+3.55,+32.160, +4.673,+0.881
1690513860,+3.55,+32.046, +4.414,+0.881
1690514460,+3.55,+31.976, +4.439,+0.881
1690515060,+3.55,+31.888, +4.425,+0.881
1690515660,+3.55,+31.836, +4.308,+0.881
1690516260,+3.55,+31.792, +4.071,+0.881
1690516860,+3.55,+31.696, +4.067,+0.881
1690517460,+3.55,+31.644, +3.941,+0.881
1690518060,+3.55,+31.618, +3.707,+0.881
1690518660,+3.55,+31.653, +3.942,+0.881
1690519260,+3.55,+31.757, +4.153,+0.881
1690519860,+3.55,+31.871, +4.376,+0.881
1690520460,+3.55,+32.029, +4.404,+0.881
1690521060,+3.55,+32.160, +4.294,+0.880
1690521660,+3.55,+32.388, +4.427,+0.880
1690522260,+3.55,+32.625, +4.701,+0.880
1690522860,+3.55,+32.845, +5.420,+0.880
1690523460,+3.55,+33.022, +5.683,+0.879
1690524060,+3.55,+33.145, +5.884,+0.879
1690524660,+3.55,+33.278, +6.089,+0.879
1690525260,+3.55,+33.410, +6.301,+0.878
1690525860,+3.55,+33.508, +6.524,+0.878
1690526460,+3.55,+33.658, +6.655,+0.878
1690527060,+3.55,+33.782, +6.825,+0.878
1690527660,+3.55,+33.907, +6.995,+0.878
1690528260,+3.54,+34.022, +7.124,+0.877
1690528860,+3.54,+34.120, +7.237,+0.878
1690529460,+3.54,+34.182, +7.316,+0.877
1690530060,+3.54,+34.191, +7.337,+0.877
1690530660,+3.54,+34.209, +7.420,+0.877
1690531260,+3.55,+34.227, +7.436,+0.877
1690531860,+3.54,+34.182, +7.338,+0.877
1690532460,+3.55,+34.218, +7.540,+0.878
1690533060,+3.55,+34.342, +7.650,+0.877
1690533660,+3.55,+34.628, +8.345,+0.876
1690534260,+3.55,+34.789, +8.529,+0.876
1690534860,+3.55,+34.932, +8.798,+0.876
