7450-435816
OS REV: 1.05 Sensor Cal: 1652983418
Time (sec),  BV (Volts),  T (deg C),  DO (mg/l),  Q ()
1690796460,+3.54,+36.154, +8.903,+0.871
1690797060,+3.54,+36.163, +8.829,+0.871
1690797660,+3.54,+36.208, +8.790,+0.872
1690798260,+3.54,+36.317, +9.488,+0.868
1690798860,+3.54,+36.434, +9.363,+0.871
1690799460,+3.54,+36.253, +8.826,+0.870
1690800060,+3.54,+36.299, +8.854,+0.870
1690800660,+3.54,+36.109, +8.817,+0.872
1690801260,+3.55,+35.965, +8.623,+0.871
1690801860,+3.55,+35.793, +8.526,+0.873
1690802460,+3.55,+35.829, +8.573,+0.873
1690803060,+3.55,+35.847, +8.597,+0.874
1690803660,+3.55,+35.865, +8.842,+0.872
1690804260,+3.55,+35.748, +8.769,+0.874
1690804860,+3.55,+35.685, +8.689,+0.874
1690805460,+3.55,+35.658, +8.889,+0.870
1690806060,+3.55,+35.712, +8.956,+0.872
1690806660,+3.55,+35.784, +8.988,+0.873
1690807260,+3.55,+35.910,+11.485,+0.860
1690807860,+3.55,+35.974,+10.850,+0.868
1690808460,+3.55,+35.901,+10.374,+0.871
1690809060,+3.55,+35.838, +9.355,+0.871
1690809660,+3.55,+35.929, +9.745,+0.872
1690810260,+3.55,+35.811, +9.432,+0.873
1690810860,+3.55,+35.577, +9.215,+0.874
1690811460,+3.55,+35.559, +9.060,+0.873
1690812060,+3.55,+35.425, +8.919,+0.874
1690812660,+3.55,+35.371, +8.839,+0.875
1690813260,+3.55,+35.443, +8.830,+0.875
1690813860,+3.55,+35.398, +8.946,+0.876
1690814460,+3.55,+35.398,+10.101,+0.875
1690815060,+3.55,+35.434, +9.900,+0.877
1690815660,+3.55,+35.488, +9.145,+0.876
1690816260,+3.55,+35.416, +9.201,+0.867
1690816860,+3.55,+35.452, +9.705,+0.868
1690817460,+3.55,+35.344, +9.793,+0.872
1690818060,+3.55,+35.200, +9.576,+0.872
1690818660,+3.55,+35.120, +9.466,+0.875
1690819260,+3.55,+35.030, +9.302,+0.875
1690819860,+3.55,+34.914, +9.108,+0.876
1690820460,+3.55,+34.806, +8.932,+0.878
1690821060,+3.55,+34.637, +8.793,+0.878
1690821660,+3.55,+34.512, +8.509,+0.879
1690822260,+3.55,+34.316, +8.320,+0.880
1690822860,+3.55,+34.236, +8.161,+0.880
1690823460,+3.55,+34.191, +7.951,+0.880
1690824060,+3.55,+34.138, +7.864,+0.880
1690824660,+3.55,+34.058, +7.787,+0.880
1690825260,+3.55,+34.004, +7.693,+0.881
1690825860,+3.55,+33.960, +7.517,+0.880
1690826460,+3.55,+33.907, +7.371,+0.879
1690827060,+3.55,+33.871, +7.265,+0.879
1690827660,+3.55,+33.818, +7.156,+0.880
1690828260,+3.55,+33.782, +7.013,+0.879
1690828860,+3.55,+33.800, +6.787,+0.879
1690829460,+3.55,+33.765, +6.364,+0.879
1690830060,+3.55,+33.703, +6.522,+0.877
1690830660,+3.55,+33.658, +6.298,+0.877
1690831260,+3.55,+33.658, +6.085,+0.876
1690831860,+3.55,+33.605, +5.942,+0.875
1690832460,+3.55,+33.623, +5.809,+0.871
1690833060,+3.55,+33.685, +5.455,+0.867
1690833660,+3.55,+33.889, +5.378,+0.852
1690834260,+3.55,+33.818, +4.847,+0.839
1690834860,+3.55,+33.782, +4.224,+0.815
1690835460,+3.55,+33.782, +3.663,+0.793
1690836060,+3.55,+33.791, +3.367,+0.776
1690836660,+3.55,+33.818, +3.057,+0.765
1690837260,+3.55,+33.800, +5.353,+0.866
1690837860,+3.55,+33.782, +6.046,+0.874
1690838460,+3.55,+33.738, +6.234,+0.877
1690839060,+3.55,+33.711, +6.086,+0.878
1690839660,+3.55,+33.694, +5.869,+0.878
1690840260,+3.55,+33.667, +6.162,+0.879
1690840860,+3.55,+33.649, +6.220,+0.880
1690841460,+3.55,+33.614, +6.170,+0.880
1690842060,+3.55,+33.596, +6.215,+0.880
1690842660,+3.55,+33.605, +6.261,+0.880
1690843260,+3.55,+33.605, +6.268,+0.879
1690843860,+3.55,+33.596, +6.267,+0.880
1690844460,+3.55,+33.605, +6.186,+0.880
1690845060,+3.55,+33.614, +6.130,+0.879
1690845660,+3.55,+33.605, +6.206,+0.879
1690846260,+3.55,+33.587, +6.137,+0.879
1690846860,+3.55,+33.596, +6.094,+0.879
1690847460,+3.55,+33.561, +6.118,+0.880
1690848060,+3.55,+33.570, +6.060,+0.879
1690848660,+3.55,+33.561, +6.094,+0.880
1690849260,+3.55,+33.534, +5.885,+0.879
1690849860,+3.55,+33.145, +5.437,+0.880
1690850460,+3.55,+32.986, +5.292,+0.880
1690851060,+3.55,+32.942, +5.257,+0.881
1690851660,+3.55,+32.925, +5.114,+0.880
1690852260,+3.55,+32.766, +4.484,+0.880
1690852860,+3.55,+32.450, +4.248,+0.881
1690853460,+3.56,+32.221, +3.931,+0.881
1690854060,+3.56,+32.151, +3.656,+0.882
1690854660,+3.56,+32.099, +3.391,+0.882
1690855260,+3.55,+32.029, +2.971,+0.882
1690855860,+3.55,+32.020, +3.009,+0.882
1690856460,+3.55,+31.888, +2.811,+0.882
1690857060,+3.55,+31.836, +2.589,+0.882
1690857660,+3.55,+31.862, +2.591,+0.882
1690858260,+3.55,+31.915, +2.620,+0.882
1690858860,+3.55,+32.020, +2.813,+0.882
1690859460,+3.56,+32.213, +3.258,+0.882
1690860060,+3.55,+32.432, +3.674,+0.882
1690860660,+3.55,+32.520, +3.791,+0.882
1690861260,+3.55,+32.590, +3.779,+0.881
1690861860,+3.55,+32.678, +3.869,+0.881
1690862460,+3.55,+33.030, +4.640,+0.881
1690863060,+3.55,+33.463, +5.708,+0.880
1690863660,+3.55,+33.632, +6.000,+0.879
1690864260,+3.55,+33.667, +6.194,+0.879
1690864860,+3.55,+33.587, +5.773,+0.879
1690865460,+3.55,+33.729, +6.340,+0.879
1690866060,+3.55,+33.765, +6.482,+0.880
1690866660,+3.55,+33.782, +6.535,+0.880
1690867260,+3.55,+33.827, +6.607,+0.880
1690867860,+3.55,+33.844, +6.632,+0.879
1690868460,+3.55,+33.889, +6.681,+0.879
1690869060,+3.55,+33.933, +6.693,+0.879
1690869660,+3.55,+33.942, +6.660,+0.879
1690870260,+3.55,+33.915, +6.648,+0.879
1690870860,+3.55,+33.942, +6.743,+0.879
1690871460,+3.55,+33.907, +6.722,+0.878
1690872060,+3.55,+33.942, +6.727,+0.878
1690872660,+3.55,+33.960, +6.782,+0.879
1690873260,+3.55,+34.084, +7.218,+0.880
1690873860,+3.55,+34.209, +7.453,+0.879
1690874460,+3.55,+34.342, +7.688,+0.879
1690875060,+3.55,+34.512, +7.787,+0.879
1690875660,+3.55,+34.655, +7.947,+0.878
1690876260,+3.55,+34.806, +8.039,+0.877
1690876860,+3.55,+34.941, +8.200,+0.877
1690877460,+3.55,+35.120, +8.336,+0.877
1690878060,+3.54,+35.164, +8.342,+0.876
1690878660,+3.55,+35.362, +8.421,+0.876
1690879260,+3.55,+35.434, +8.605,+0.875
1690879860,+3.55,+35.577, +8.628,+0.875
1690880460,+3.55,+35.757, +8.775,+0.875
1690881060,+3.55,+35.938, +9.029,+0.874
1690881660,+3.55,+36.046, +9.024,+0.871
1690882260,+3.55,+36.190, +9.117,+0.871
1690882860,+3.54,+36.281, +9.124,+0.873
