7450-030944
OS REV: 1.05 Sensor Cal: 1657828454
Time (sec),  BV (Volts),  T (deg C),  DO (mg/l),  Q ()
1690535460,+3.53,+35.011, +8.716,+0.957
1690536060,+3.53,+35.056, +8.716,+0.957
1690536660,+3.53,+35.100, +8.749,+0.955
1690537260,+3.53,+35.190, +8.820,+0.956
1690537860,+3.53,+35.280, +8.913,+0.955
1690538460,+3.53,+35.388, +8.979,+0.955
1690539060,+3.53,+35.442, +9.045,+0.954
1690539660,+3.54,+35.442, +9.060,+0.955
1690540260,+3.53,+35.477, +9.061,+0.954
1690540860,+3.54,+35.504, +9.074,+0.953
1690541460,+3.54,+35.513, +9.104,+0.954
1690542060,+3.53,+35.504, +9.083,+0.954
1690542660,+3.54,+35.522, +9.065,+0.954
1690543260,+3.54,+35.567, +9.055,+0.954
1690543860,+3.54,+35.603, +9.066,+0.953
1690544460,+3.54,+35.603, +9.087,+0.954
1690545060,+3.54,+35.576, +9.072,+0.953
1690545660,+3.54,+35.540, +9.074,+0.954
1690546260,+3.54,+35.468, +8.964,+0.954
1690546860,+3.53,+35.361, +8.761,+0.955
1690547460,+3.53,+35.298, +8.673,+0.955
1690548060,+3.53,+35.253, +8.586,+0.956
1690548660,+3.53,+35.226, +8.632,+0.955
1690549260,+3.53,+35.190, +8.704,+0.955
1690549860,+3.53,+35.181, +8.692,+0.955
1690550460,+3.53,+35.109, +8.620,+0.956
1690551060,+3.53,+35.100, +8.665,+0.956
1690551660,+3.53,+35.091, +8.716,+0.957
1690552260,+3.53,+35.065, +8.706,+0.956
1690552860,+3.53,+35.002, +8.691,+0.956
1690553460,+3.53,+34.876, +8.577,+0.957
1690554060,+3.54,+34.698, +8.569,+0.958
1690554660,+3.54,+34.599, +8.680,+0.957
1690555260,+3.54,+34.546, +8.638,+0.958
1690555860,+3.54,+34.456, +8.574,+0.958
1690556460,+3.54,+34.394, +8.511,+0.958
1690557060,+3.54,+34.287, +8.460,+0.958
1690557660,+3.53,+34.189, +8.394,+0.960
1690558260,+3.53,+34.038, +8.403,+0.960
1690558860,+3.54,+33.851, +8.206,+0.960
1690559460,+3.54,+33.665, +8.048,+0.961
1690560060,+3.54,+33.567, +7.878,+0.961
1690560660,+3.54,+33.461, +7.760,+0.962
1690561260,+3.54,+33.293, +7.568,+0.962
1690561860,+3.54,+33.187, +7.346,+0.963
1690562460,+3.54,+33.072, +7.250,+0.963
1690563060,+3.54,+32.984, +7.027,+0.963
1690563660,+3.54,+32.887, +6.820,+0.963
1690564260,+3.54,+32.799, +6.660,+0.964
1690564860,+3.54,+32.693, +6.513,+0.963
1690565460,+3.54,+32.640, +6.379,+0.963
1690566060,+3.54,+32.623, +6.251,+0.965
1690566660,+3.54,+32.570, +6.094,+0.964
1690567260,+3.54,+32.526, +5.923,+0.965
1690567860,+3.54,+32.526, +5.829,+0.964
1690568460,+3.54,+32.508, +5.774,+0.964
1690569060,+3.54,+32.482, +5.625,+0.964
1690569660,+3.54,+32.429, +5.547,+0.964
1690570260,+3.54,+32.412, +5.436,+0.964
1690570860,+3.54,+32.385, +5.263,+0.964
1690571460,+3.54,+32.359, +4.991,+0.965
1690572060,+3.54,+32.350, +4.936,+0.965
1690572660,+3.54,+32.420, +5.149,+0.965
1690573260,+3.54,+32.420, +5.084,+0.964
1690573860,+3.54,+32.456, +5.071,+0.964
1690574460,+3.54,+32.552, +5.013,+0.964
1690575060,+3.54,+32.658, +4.875,+0.964
1690575660,+3.53,+32.904, +5.092,+0.964
1690576260,+3.53,+32.878, +5.112,+0.964
1690576860,+3.54,+32.763, +4.901,+0.963
1690577460,+3.53,+32.799, +5.042,+0.964
1690578060,+3.53,+33.028, +5.303,+0.963
1690578660,+3.54,+33.107, +5.075,+0.963
1690579260,+3.54,+33.240, +5.333,+0.962
1690579860,+3.54,+33.063, +4.879,+0.962
1690580460,+3.53,+32.949, +4.576,+0.963
1690581060,+3.54,+33.240, +5.444,+0.962
1690581660,+3.54,+33.319, +5.643,+0.962
1690582260,+3.54,+33.373, +5.522,+0.962
1690582860,+3.54,+33.266, +5.326,+0.962
1690583460,+3.54,+33.196, +5.195,+0.963
1690584060,+3.54,+33.284, +5.432,+0.962
1690584660,+3.54,+33.284, +5.607,+0.962
1690585260,+3.54,+33.328, +5.727,+0.962
1690585860,+3.54,+33.417, +5.898,+0.962
1690586460,+3.54,+33.426, +5.686,+0.962
1690587060,+3.54,+33.240, +4.935,+0.962
1690587660,+3.54,+33.116, +4.821,+0.963
1690588260,+3.53,+33.037, +5.238,+0.963
1690588860,+3.53,+33.010, +5.830,+0.963
1690589460,+3.54,+33.063, +5.779,+0.963
1690590060,+3.54,+33.143, +5.905,+0.962
1690590660,+3.54,+33.169, +5.825,+0.962
1690591260,+3.54,+33.116, +6.159,+0.963
1690591860,+3.54,+33.134, +6.194,+0.962
1690592460,+3.54,+33.134, +6.176,+0.962
1690593060,+3.54,+33.107, +5.971,+0.963
1690593660,+3.53,+33.001, +5.968,+0.963
1690594260,+3.53,+32.931, +5.879,+0.963
1690594860,+3.54,+32.684, +5.515,+0.963
1690595460,+3.54,+32.579, +5.484,+0.964
1690596060,+3.54,+32.438, +5.375,+0.964
1690596660,+3.54,+32.262, +4.977,+0.965
1690597260,+3.54,+32.096, +4.605,+0.965
1690597860,+3.54,+31.964, +4.317,+0.965
1690598460,+3.54,+31.842, +4.092,+0.966
1690599060,+3.54,+31.719, +3.911,+0.966
1690599660,+3.54,+31.632, +3.977,+0.966
1690600260,+3.54,+31.545, +3.992,+0.967
1690600860,+3.54,+31.423, +3.959,+0.967
1690601460,+3.54,+31.309, +3.709,+0.967
1690602060,+3.54,+31.170, +3.510,+0.968
1690602660,+3.54,+31.074, +3.332,+0.968
1690603260,+3.54,+30.987, +3.181,+0.968
1690603860,+3.54,+30.892, +3.060,+0.969
1690604460,+3.54,+30.865, +2.898,+0.969
1690605060,+3.54,+30.874, +2.780,+0.969
1690605660,+3.54,+30.900, +2.708,+0.968
1690606260,+3.54,+30.926, +2.701,+0.968
1690606860,+3.54,+30.978, +2.638,+0.968
1690607460,+3.54,+31.031, +2.620,+0.968
1690608060,+3.54,+31.109, +2.792,+0.968
1690608660,+3.54,+31.187, +2.840,+0.968
1690609260,+3.54,+31.301, +2.937,+0.968
1690609860,+3.54,+31.353, +3.009,+0.967
1690610460,+3.54,+31.519, +2.839,+0.967
1690611060,+3.54,+31.632, +2.860,+0.967
1690611660,+3.53,+31.851, +3.007,+0.967
1690612260,+3.54,+32.043, +3.113,+0.966
1690612860,+3.54,+32.289, +3.665,+0.965
1690613460,+3.53,+32.807, +4.490,+0.963
1690614060,+3.54,+33.275, +5.589,+0.962
1690614660,+3.54,+33.488, +5.308,+0.961
1690615260,+3.53,+33.638, +5.621,+0.961
1690615860,+3.53,+33.780, +5.483,+0.960
1690616460,+3.53,+33.940, +5.082,+0.960
1690617060,+3.53,+34.136, +5.488,+0.959
1690617660,+3.53,+34.234, +5.738,+0.959
1690618260,+3.54,+34.394, +6.157,+0.958
1690618860,+3.53,+34.599, +7.005,+0.957
1690619460,+3.53,+34.841, +7.249,+0.957
1690620060,+3.53,+34.939, +7.325,+0.956
1690620660,+3.53,+35.038, +7.655,+0.956
1690621260,+3.53,+35.154, +8.051,+0.956
1690621860,+3.53,+35.244, +8.168,+0.955
