7450-030944
OS REV: 1.05 Sensor Cal: 1657828454
Time (sec),  BV (Volts),  T (deg C),  DO (mg/l),  Q ()
1690274460,+3.50,+34.546, +7.945,+0.949
1690275060,+3.50,+34.635, +7.931,+0.949
1690275660,+3.50,+34.742, +7.987,+0.950
1690276260,+3.50,+34.876, +8.093,+0.950
1690276860,+3.50,+34.975, +8.080,+0.949
1690277460,+3.50,+34.662, +7.896,+0.951
1690278060,+3.50,+34.617, +7.984,+0.950
1690278660,+3.51,+34.635, +7.986,+0.950
1690279260,+3.51,+34.581, +8.025,+0.951
1690279860,+3.51,+34.581, +7.989,+0.952
1690280460,+3.51,+34.617, +8.019,+0.951
1690281060,+3.51,+34.626, +7.923,+0.950
1690281660,+3.51,+34.778, +8.033,+0.950
1690282260,+3.51,+34.912, +8.077,+0.949
1690282860,+3.51,+35.047, +8.176,+0.949
1690283460,+3.51,+35.145, +8.192,+0.949
1690284060,+3.51,+35.235, +8.337,+0.949
1690284660,+3.51,+35.442, +8.388,+0.947
1690285260,+3.52,+35.522, +8.478,+0.946
1690285860,+3.52,+35.612, +8.598,+0.947
1690286460,+3.52,+35.666, +8.743,+0.948
1690287060,+3.52,+35.775, +8.820,+0.947
1690287660,+3.52,+35.720, +8.753,+0.946
1690288260,+3.52,+35.811, +8.842,+0.947
1690288860,+3.52,+35.937, +8.852,+0.945
1690289460,+3.52,+35.991, +8.917,+0.946
1690290060,+3.52,+35.973, +8.912,+0.946
1690290660,+3.52,+35.766, +8.874,+0.947
1690291260,+3.52,+35.693, +8.924,+0.949
1690291860,+3.52,+35.531, +8.852,+0.948
1690292460,+3.52,+35.450, +8.787,+0.950
1690293060,+3.52,+35.388, +8.679,+0.949
1690293660,+3.52,+35.352, +8.674,+0.949
1690294260,+3.52,+35.343, +8.636,+0.950
1690294860,+3.52,+35.334, +8.626,+0.950
1690295460,+3.52,+35.424, +8.718,+0.949
1690296060,+3.52,+35.415, +8.657,+0.949
1690296660,+3.52,+35.163, +8.556,+0.951
1690297260,+3.52,+35.047, +8.425,+0.951
1690297860,+3.52,+35.047, +8.423,+0.952
1690298460,+3.52,+35.002, +8.376,+0.952
1690299060,+3.52,+34.975, +8.355,+0.952
1690299660,+3.52,+34.975, +8.367,+0.951
1690300260,+3.53,+34.859, +8.379,+0.954
1690300860,+3.53,+34.635, +7.780,+0.951
1690301460,+3.53,+34.653, +7.929,+0.953
1690302060,+3.53,+34.787, +8.554,+0.953
1690302660,+3.53,+34.626, +8.350,+0.954
1690303260,+3.53,+34.349, +7.941,+0.954
1690303860,+3.53,+34.127, +7.572,+0.953
1690304460,+3.53,+34.064, +7.274,+0.953
1690305060,+3.53,+33.993, +7.262,+0.954
1690305660,+3.53,+33.967, +7.117,+0.955
1690306260,+3.53,+34.029, +7.610,+0.956
1690306860,+3.53,+33.922, +7.282,+0.956
1690307460,+3.53,+33.789, +7.052,+0.955
1690308060,+3.53,+33.709, +6.690,+0.953
1690308660,+3.53,+33.683, +6.629,+0.953
1690309260,+3.53,+33.683, +6.714,+0.955
1690309860,+3.53,+33.727, +6.861,+0.956
1690310460,+3.53,+33.816, +7.036,+0.957
1690311060,+3.53,+33.771, +6.996,+0.956
1690311660,+3.53,+33.771, +7.033,+0.957
1690312260,+3.53,+33.754, +7.188,+0.957
1690312860,+3.53,+33.745, +7.137,+0.957
1690313460,+3.53,+33.718, +7.170,+0.958
1690314060,+3.53,+33.665, +7.177,+0.956
1690314660,+3.53,+33.629, +7.170,+0.957
1690315260,+3.53,+33.612, +7.164,+0.957
1690315860,+3.53,+33.612, +7.132,+0.957
1690316460,+3.53,+33.585, +7.010,+0.958
1690317060,+3.53,+33.665, +6.841,+0.957
1690317660,+3.53,+33.709, +6.866,+0.956
1690318260,+3.53,+33.745, +6.940,+0.957
1690318860,+3.53,+33.736, +7.079,+0.958
1690319460,+3.53,+33.798, +6.939,+0.957
1690320060,+3.53,+33.860, +6.680,+0.956
1690320660,+3.53,+33.780, +6.522,+0.956
1690321260,+3.53,+33.629, +6.452,+0.956
1690321860,+3.53,+33.558, +6.647,+0.958
1690322460,+3.53,+33.585, +6.662,+0.957
1690323060,+3.53,+33.576, +6.734,+0.957
1690323660,+3.53,+33.532, +6.751,+0.957
1690324260,+3.53,+33.514, +6.745,+0.957
1690324860,+3.53,+33.488, +6.738,+0.958
1690325460,+3.53,+33.488, +6.548,+0.957
1690326060,+3.53,+33.399, +6.398,+0.957
1690326660,+3.53,+33.178, +6.450,+0.958
1690327260,+3.53,+33.046, +6.414,+0.959
1690327860,+3.53,+32.975, +6.344,+0.959
1690328460,+3.53,+32.949, +6.296,+0.958
1690329060,+3.53,+32.913, +6.176,+0.959
1690329660,+3.53,+32.887, +6.015,+0.958
1690330260,+3.53,+32.887, +5.886,+0.958
1690330860,+3.53,+32.887, +5.536,+0.955
1690331460,+3.53,+32.904, +5.780,+0.957
1690332060,+3.53,+32.922, +5.863,+0.959
1690332660,+3.53,+32.913, +6.017,+0.958
1690333260,+3.53,+32.896, +5.843,+0.958
1690333860,+3.53,+32.878, +5.626,+0.957
1690334460,+3.53,+32.878, +5.771,+0.960
1690335060,+3.53,+32.852, +5.661,+0.959
1690335660,+3.53,+32.843, +5.713,+0.959
1690336260,+3.53,+32.816, +5.732,+0.959
1690336860,+3.53,+32.807, +5.694,+0.959
1690337460,+3.53,+32.834, +5.591,+0.959
1690338060,+3.53,+32.869, +5.709,+0.960
1690338660,+3.53,+32.878, +5.750,+0.960
1690339260,+3.53,+32.913, +5.802,+0.960
1690339860,+3.53,+32.869, +5.727,+0.959
1690340460,+3.53,+32.860, +5.754,+0.959
1690341060,+3.53,+32.807, +5.805,+0.960
1690341660,+3.53,+32.852, +5.765,+0.960
1690342260,+3.53,+32.834, +5.712,+0.960
1690342860,+3.53,+32.843, +5.710,+0.960
1690343460,+3.53,+32.843, +5.729,+0.959
1690344060,+3.53,+32.825, +5.719,+0.960
1690344660,+3.53,+32.852, +5.750,+0.960
1690345260,+3.53,+32.860, +5.760,+0.960
1690345860,+3.53,+32.843, +5.751,+0.960
1690346460,+3.53,+32.878, +5.786,+0.959
1690347060,+3.53,+32.904, +5.781,+0.960
1690347660,+3.53,+32.931, +5.711,+0.960
1690348260,+3.53,+32.966, +5.742,+0.960
1690348860,+3.53,+32.984, +5.776,+0.960
1690349460,+3.53,+32.993, +5.807,+0.959
1690350060,+3.53,+33.001, +5.831,+0.960
1690350660,+3.53,+33.010, +5.846,+0.959
1690351260,+3.54,+33.152, +5.818,+0.959
1690351860,+3.54,+33.222, +5.880,+0.959
1690352460,+3.54,+33.275, +5.729,+0.959
1690353060,+3.53,+33.390, +5.855,+0.959
1690353660,+3.53,+33.390, +5.936,+0.958
1690354260,+3.53,+33.452, +6.023,+0.958
1690354860,+3.53,+33.541, +6.172,+0.958
1690355460,+3.53,+33.594, +6.200,+0.958
1690356060,+3.53,+33.754, +6.209,+0.957
1690356660,+3.53,+33.798, +6.194,+0.957
1690357260,+3.53,+33.922, +6.311,+0.956
1690357860,+3.53,+34.011, +6.513,+0.956
1690358460,+3.53,+34.082, +6.527,+0.957
1690359060,+3.53,+34.127, +6.629,+0.957
1690359660,+3.53,+34.180, +6.713,+0.956
1690360260,+3.53,+34.296, +6.765,+0.956
1690360860,+3.53,+34.341, +6.850,+0.956
