7450-030944
OS REV: 1.05 Sensor Cal: 1657828454
Time (sec),  BV (Volts),  T (deg C),  DO (mg/l),  Q ()
1690187460,+3.49,+22.102, +8.254,+0.959
1690188060,+3.50,+22.378, +8.223,+0.960
1690188660,+3.50,+23.307, +8.081,+0.960
1690189260,+3.49,+24.019, +7.991,+0.960
1690189860,+3.50,+24.540, +7.914,+0.960
1690190460,+3.49,+24.994, +7.844,+0.959
1690191060,+3.50,+25.423, +7.796,+0.960
1690191660,+3.50,+25.786, +7.742,+0.959
1690192260,+3.50,+26.572, +7.642,+0.960
1690192860,+3.49,+27.821, +7.501,+0.959
1690193460,+3.50,+26.860, +7.618,+0.958
1690194060,+3.50,+25.997, +7.741,+0.959
1690194660,+3.50,+25.356, +7.826,+0.959
1690195260,+3.50,+24.842, +7.892,+0.959
1690195860,+3.50,+24.372, +7.950,+0.959
1690196460,+3.50,+23.986, +8.010,+0.960
1690197060,+3.50,+23.642, +8.049,+0.959
1690197660,+3.51,+23.332, +8.100,+0.960
1690198260,+3.50,+23.047, +8.146,+0.960
1690198860,+3.50,+22.796, +8.173,+0.960
1690199460,+3.50,+22.595, +8.199,+0.960
1690200060,+3.51,+22.369, +8.240,+0.960
1690200660,+3.51,+22.177, +8.255,+0.960
1690201260,+3.50,+22.026, +8.273,+0.960
1690201860,+3.50,+21.867, +8.305,+0.960
1690202460,+3.50,+21.700, +8.332,+0.960
1690203060,+3.51,+21.591, +8.339,+0.960
1690203660,+3.51,+21.458, +8.360,+0.960
1690204260,+3.51,+21.349, +8.370,+0.960
1690204860,+3.51,+21.240, +8.393,+0.961
1690205460,+3.51,+21.106, +8.414,+0.961
1690206060,+3.50,+20.998, +8.422,+0.960
1690206660,+3.50,+20.906, +8.437,+0.960
1690207260,+3.51,+20.805, +8.457,+0.961
1690207860,+3.51,+20.721, +8.473,+0.961
1690208460,+3.51,+20.663, +8.480,+0.960
1690209060,+3.51,+20.579, +8.497,+0.961
1690209660,+3.51,+20.521, +8.502,+0.961
1690210260,+3.51,+20.445, +8.508,+0.960
1690210860,+3.51,+20.420, +8.518,+0.961
1690211460,+3.51,+20.378, +8.511,+0.960
1690212060,+3.51,+20.336, +8.513,+0.961
1690212660,+3.51,+20.278, +8.516,+0.961
1690213260,+3.51,+20.186, +8.535,+0.961
1690213860,+3.51,+20.127, +8.547,+0.961
1690214460,+3.51,+20.052, +8.553,+0.961
1690215060,+3.51,+19.985, +8.568,+0.961
1690215660,+3.51,+19.918, +8.567,+0.960
1690216260,+3.51,+19.834, +8.582,+0.960
1690216860,+3.51,+19.784, +8.593,+0.961
1690217460,+3.51,+19.716, +8.603,+0.961
1690218060,+3.51,+19.649, +8.624,+0.961
1690218660,+3.51,+19.641, +8.621,+0.961
1690219260,+3.51,+19.582, +8.639,+0.961
1690219860,+3.51,+19.582, +8.631,+0.961
1690220460,+3.51,+19.582, +8.631,+0.961
1690221060,+3.51,+19.540, +8.639,+0.961
1690221660,+3.51,+19.532, +8.648,+0.961
1690222260,+3.51,+19.515, +8.642,+0.961
1690222860,+3.51,+19.498, +8.632,+0.960
1690223460,+3.51,+19.482, +8.652,+0.961
1690224060,+3.51,+19.457, +8.647,+0.960
1690224660,+3.51,+19.457, +8.652,+0.961
1690225260,+3.51,+19.431, +8.664,+0.961
1690225860,+3.51,+19.440, +8.645,+0.960
1690226460,+3.51,+19.423, +8.652,+0.960
1690227060,+3.51,+19.406, +8.671,+0.962
1690227660,+3.51,+19.406, +8.646,+0.960
1690228260,+3.51,+19.381, +8.655,+0.960
1690228860,+3.51,+19.373, +8.651,+0.960
1690229460,+3.51,+19.381, +8.649,+0.960
1690230060,+3.51,+19.356, +8.657,+0.960
1690230660,+3.51,+19.364, +8.660,+0.961
1690231260,+3.51,+19.347, +8.666,+0.961
1690231860,+3.51,+19.347, +8.663,+0.961
1690232460,+3.51,+19.356, +8.658,+0.961
1690233060,+3.51,+19.364, +8.652,+0.960
1690233660,+3.51,+19.339, +8.655,+0.960
1690234260,+3.51,+19.364, +8.645,+0.960
1690234860,+3.51,+19.356, +8.652,+0.961
1690235460,+3.51,+19.331, +8.666,+0.961
1690236060,+3.51,+19.347, +8.656,+0.960
1690236660,+3.51,+19.347, +8.651,+0.960
1690237260,+3.51,+19.347, +8.650,+0.960
1690237860,+3.51,+19.347, +8.651,+0.961
1690238460,+3.51,+19.339, +8.660,+0.961
1690239060,+3.51,+19.331, +8.656,+0.960
1690239660,+3.51,+19.347, +8.653,+0.960
1690240260,+3.51,+19.322, +8.652,+0.960
1690240860,+3.51,+19.322, +8.667,+0.961
1690241460,+3.51,+19.314, +8.656,+0.960
1690242060,+3.51,+19.305, +8.657,+0.960
1690242660,+3.51,+19.289, +8.666,+0.960
1690243260,+3.51,+19.289, +8.669,+0.961
1690243860,+3.51,+19.272, +8.671,+0.961
1690244460,+3.51,+19.305, +8.663,+0.960
1690245060,+3.51,+19.297, +8.660,+0.960
1690245660,+3.51,+19.289, +8.664,+0.961
1690246260,+3.51,+19.297, +8.656,+0.960
1690246860,+3.51,+19.297, +8.666,+0.961
1690247460,+3.51,+19.305, +8.660,+0.960
1690248060,+3.51,+19.280, +8.668,+0.961
1690248660,+3.51,+19.305, +8.664,+0.960
1690249260,+3.51,+19.297, +8.662,+0.960
1690249860,+3.51,+19.297, +8.668,+0.961
1690250460,+3.51,+19.305, +8.659,+0.960
1690251060,+3.51,+19.297, +8.676,+0.961
1690251660,+3.51,+19.280, +8.668,+0.960
1690252260,+3.51,+19.280, +8.672,+0.961
1690252860,+3.51,+19.272, +8.673,+0.960
1690253460,+3.51,+19.280, +8.668,+0.960
1690254060,+3.51,+19.272, +8.671,+0.960
1690254660,+3.51,+19.264, +8.676,+0.960
1690255260,+3.51,+19.255, +8.679,+0.960
1690255860,+3.51,+19.280, +8.678,+0.961
1690256460,+3.51,+19.264, +8.680,+0.961
1690257060,+3.51,+19.280, +8.674,+0.960
1690257660,+3.51,+19.272, +8.677,+0.960
1690258260,+3.51,+19.264, +8.690,+0.961
1690258860,+3.51,+19.280, +8.678,+0.960
1690259460,+3.51,+19.272, +8.679,+0.961
1690260060,+3.51,+19.264, +8.678,+0.960
1690260660,+3.51,+19.272, +8.685,+0.961
1690261260,+3.51,+19.272, +8.687,+0.961
1690261860,+3.51,+19.264, +8.683,+0.961
1690262460,+3.51,+19.272, +8.682,+0.960
1690263060,+3.51,+19.264, +8.685,+0.960
1690263660,+3.51,+19.272, +8.684,+0.960
1690264260,+3.50,+19.767, +8.604,+0.961
1690264860,+3.50,+20.763, +8.428,+0.959
1690265460,+3.50,+21.817, +8.266,+0.959
1690266060,+3.50,+23.156, +8.061,+0.959
1690266660,+3.50,+24.170, +7.936,+0.959
1690267260,+3.50,+25.348, +7.780,+0.959
1690267860,+3.50,+26.826, +7.581,+0.959
1690268460,+3.49,+28.495, +7.374,+0.958
1690269060,+3.49,+29.654, +7.218,+0.957
1690269660,+3.49,+30.397, +7.119,+0.956
1690270260,+3.49,+31.092, +7.022,+0.955
1690270860,+3.49,+31.903, +6.889,+0.953
1690271460,+3.49,+34.171, +6.578,+0.949
1690272060,+3.49,+34.323, +7.456,+0.949
1690272660,+3.50,+34.269, +7.639,+0.950
1690273260,+3.50,+34.367, +7.780,+0.950
1690273860,+3.50,+34.492, +7.808,+0.950
