7450-106600
OS REV: 1.05 Sensor Cal: 1657827652
Time (sec),  BV (Volts),  T (deg C),  DO (mg/l),  Q ()
1691231460,+3.53,+36.409,+10.458,+1.000
1691232060,+3.53,+36.436,+10.194,+1.000
1691232660,+3.53,+36.454,+10.523,+0.999
1691233260,+3.53,+36.445,+10.452,+0.999
1691233860,+3.53,+36.454,+10.511,+0.999
1691234460,+3.53,+36.445,+10.527,+1.000
1691235060,+3.53,+36.445,+10.698,+0.999
1691235660,+3.53,+36.463,+10.595,+0.998
1691236260,+3.53,+36.454,+10.489,+1.000
1691236860,+3.53,+36.454,+10.620,+0.998
1691237460,+3.53,+36.463,+10.550,+0.998
1691238060,+3.53,+36.454,+10.460,+0.999
1691238660,+3.53,+36.463,+10.451,+0.999
1691239260,+3.53,+36.445,+10.474,+1.000
1691239860,+3.53,+36.463,+10.566,+0.999
1691240460,+3.53,+36.454,+10.431,+0.999
1691241060,+3.53,+36.463,+10.778,+0.999
1691241660,+3.53,+36.463,+10.381,+0.999
1691242260,+3.53,+36.336,+10.133,+1.000
1691242860,+3.53,+36.128, +9.817,+1.002
1691243460,+3.54,+36.019, +9.808,+1.002
1691244060,+3.54,+35.956, +9.937,+1.002
1691244660,+3.54,+35.965, +9.909,+1.002
1691245260,+3.54,+35.929, +9.871,+1.002
1691245860,+3.54,+35.857, +9.841,+1.004
1691246460,+3.54,+35.703, +9.675,+1.004
1691247060,+3.54,+35.577, +9.839,+1.003
1691247660,+3.54,+35.388, +9.796,+1.005
1691248260,+3.54,+35.217, +9.604,+1.006
1691248860,+3.54,+35.038, +9.447,+1.007
1691249460,+3.54,+34.840, +9.247,+1.007
1691250060,+3.54,+34.670, +9.050,+1.008
1691250660,+3.54,+34.563, +8.719,+1.008
1691251260,+3.54,+34.456, +8.465,+1.009
1691251860,+3.54,+34.277, +8.708,+1.008
1691252460,+3.54,+34.054, +8.558,+1.010
1691253060,+3.54,+33.868, +8.239,+1.011
1691253660,+3.54,+33.619, +7.783,+1.012
1691254260,+3.54,+33.521, +7.499,+1.011
1691254860,+3.54,+33.512, +7.283,+1.012
1691255460,+3.54,+33.477, +6.855,+1.012
1691256060,+3.54,+33.371, +6.615,+1.012
1691256660,+3.54,+33.273, +6.506,+1.012
1691257260,+3.54,+33.282, +6.329,+1.011
1691257860,+3.54,+33.273, +6.210,+1.012
1691258460,+3.54,+33.273, +6.010,+1.012
1691259060,+3.54,+33.273, +5.843,+1.012
1691259660,+3.54,+33.211, +5.684,+1.012
1691260260,+3.54,+33.176, +5.565,+1.013
1691260860,+3.54,+33.167, +5.482,+1.013
1691261460,+3.54,+33.158, +5.423,+1.013
1691262060,+3.54,+33.185, +5.304,+1.012
1691262660,+3.54,+33.176, +5.219,+1.012
1691263260,+3.54,+33.185, +5.163,+1.012
1691263860,+3.54,+33.202, +5.121,+1.013
1691264460,+3.54,+33.273, +5.165,+1.012
1691265060,+3.54,+33.371, +5.075,+1.012
1691265660,+3.54,+33.335, +4.722,+1.012
1691266260,+3.54,+33.273, +4.645,+1.012
1691266860,+3.54,+33.256, +4.754,+1.013
1691267460,+3.54,+33.247, +4.676,+1.013
1691268060,+3.54,+33.238, +4.653,+1.013
1691268660,+3.54,+33.317, +4.347,+1.013
1691269260,+3.54,+33.371, +5.132,+1.012
1691269860,+3.54,+33.388, +5.285,+1.012
1691270460,+3.54,+33.433, +5.639,+1.012
1691271060,+3.54,+33.441, +5.803,+1.011
1691271660,+3.54,+33.459, +5.874,+1.012
1691272260,+3.54,+33.477, +5.900,+1.011
1691272860,+3.54,+33.512, +5.938,+1.011
1691273460,+3.54,+33.495, +5.976,+1.011
1691274060,+3.54,+33.353, +5.723,+1.012
1691274660,+3.54,+33.459, +5.923,+1.012
1691275260,+3.54,+33.504, +5.903,+1.012
1691275860,+3.54,+33.574, +5.962,+1.011
1691276460,+3.54,+33.450, +5.873,+1.012
1691277060,+3.54,+33.247, +5.628,+1.012
1691277660,+3.54,+33.273, +5.822,+1.012
1691278260,+3.54,+33.114, +5.593,+1.013
1691278860,+3.54,+32.805, +5.165,+1.013
1691279460,+3.54,+32.497, +4.664,+1.014
1691280060,+3.54,+32.295, +4.254,+1.015
1691280660,+3.54,+32.163, +4.187,+1.015
1691281260,+3.54,+31.996, +4.171,+1.016
1691281860,+3.54,+31.935, +4.037,+1.015
1691282460,+3.54,+31.804, +3.878,+1.016
1691283060,+3.54,+31.777, +3.771,+1.016
1691283660,+3.54,+31.646, +3.934,+1.016
1691284260,+3.54,+31.524, +3.811,+1.016
1691284860,+3.54,+31.463, +3.729,+1.016
1691285460,+3.54,+31.401, +3.722,+1.016
1691286060,+3.54,+31.340, +3.644,+1.016
1691286660,+3.54,+31.340, +3.478,+1.015
1691287260,+3.54,+31.340, +3.413,+1.015
1691287860,+3.54,+31.279, +3.440,+1.016
1691288460,+3.54,+31.218, +3.470,+1.017
1691289060,+3.54,+31.166, +3.345,+1.017
1691289660,+3.54,+31.192, +3.203,+1.017
1691290260,+3.54,+31.201, +3.034,+1.017
1691290860,+3.54,+31.236, +2.962,+1.017
1691291460,+3.54,+31.323, +3.156,+1.017
1691292060,+3.54,+31.436, +3.203,+1.017
1691292660,+3.54,+31.550, +3.288,+1.017
1691293260,+3.54,+31.690, +3.341,+1.017
1691293860,+3.54,+31.760, +3.306,+1.017
1691294460,+3.54,+31.882, +3.606,+1.016
1691295060,+3.54,+31.987, +3.725,+1.016
1691295660,+3.54,+32.277, +4.184,+1.015
1691296260,+3.54,+32.602, +4.674,+1.015
1691296860,+3.54,+32.805, +5.051,+1.013
1691297460,+3.53,+32.946, +5.210,+1.013
1691298060,+3.54,+33.088, +5.456,+1.012
1691298660,+3.54,+33.264, +5.708,+1.012
1691299260,+3.54,+33.477, +6.080,+1.011
1691299860,+3.54,+33.681, +6.392,+1.011
1691300460,+3.53,+33.805, +6.679,+1.010
1691301060,+3.53,+33.885, +6.794,+1.010
1691301660,+3.53,+33.930, +6.903,+1.010
1691302260,+3.53,+33.992, +6.988,+1.009
1691302860,+3.53,+34.063, +7.085,+1.009
1691303460,+3.53,+34.170, +7.255,+1.009
1691304060,+3.53,+34.188, +7.262,+1.009
1691304660,+3.53,+34.179, +7.191,+1.009
1691305260,+3.53,+34.161, +7.079,+1.008
1691305860,+3.53,+34.206, +7.403,+1.008
1691306460,+3.54,+34.313, +7.699,+1.008
1691307060,+3.54,+34.429, +8.086,+1.007
1691307660,+3.54,+34.509, +8.215,+1.007
1691308260,+3.54,+34.617, +8.391,+1.006
1691308860,+3.53,+34.751, +8.640,+1.007
1691309460,+3.53,+34.930, +9.056,+1.005
1691310060,+3.53,+35.056, +9.284,+1.006
1691310660,+3.53,+35.154, +9.455,+1.005
1691311260,+3.53,+35.253, +9.606,+1.005
1691311860,+3.53,+35.361, +9.652,+1.005
1691312460,+3.54,+35.460, +9.861,+1.004
1691313060,+3.54,+35.586, +9.942,+1.003
1691313660,+3.54,+35.622, +9.919,+1.003
1691314260,+3.54,+35.685, +9.958,+1.003
1691314860,+3.54,+35.703, +9.854,+1.004
1691315460,+3.54,+35.676, +9.766,+1.003
1691316060,+3.54,+35.703, +9.863,+1.002
1691316660,+3.54,+35.694, +9.629,+1.003
1691317260,+3.54,+35.730, +9.356,+1.003
1691317860,+3.54,+35.784, +9.712,+1.002
