7450-106600
OS REV: 1.05 Sensor Cal: 1657827652
Time (sec),  BV (Volts),  T (deg C),  DO (mg/l),  Q ()
1690187460,+3.50,+22.038, +8.379,+0.958
1690188060,+3.50,+22.255, +8.350,+0.960
1690188660,+3.50,+23.008, +8.223,+0.960
1690189260,+3.50,+23.519, +8.141,+0.960
1690189860,+3.50,+23.972, +8.070,+0.960
1690190460,+3.50,+24.374, +8.017,+0.960
1690191060,+3.50,+24.786, +7.969,+0.960
1690191660,+3.50,+25.182, +7.910,+0.960
1690192260,+3.50,+25.957, +7.817,+0.972
1690192860,+3.49,+27.262, +7.648,+0.972
1690193460,+3.49,+26.405, +7.809,+0.972
1690194060,+3.50,+25.738, +7.908,+0.971
1690194660,+3.50,+25.241, +7.973,+0.971
1690195260,+3.50,+24.862, +8.031,+0.972
1690195860,+3.50,+24.475, +8.080,+0.971
1690196460,+3.50,+24.181, +8.122,+0.972
1690197060,+3.50,+23.863, +8.156,+0.971
1690197660,+3.51,+23.594, +8.182,+0.970
1690198260,+3.51,+23.343, +8.220,+0.971
1690198860,+3.50,+23.092, +8.267,+0.971
1690199460,+3.50,+22.849, +8.277,+0.970
1690200060,+3.51,+22.657, +8.314,+0.971
1690200660,+3.51,+22.447, +8.338,+0.971
1690201260,+3.51,+22.255, +8.374,+0.971
1690201860,+3.50,+22.071, +8.388,+0.971
1690202460,+3.51,+21.904, +8.424,+0.971
1690203060,+3.51,+21.762, +8.445,+0.971
1690203660,+3.51,+21.594, +8.459,+0.971
1690204260,+3.51,+21.477, +8.473,+0.970
1690204860,+3.51,+21.344, +8.491,+0.970
1690205460,+3.51,+21.193, +8.515,+0.971
1690206060,+3.51,+21.076, +8.521,+0.970
1690206660,+3.51,+20.976, +8.539,+0.970
1690207260,+3.51,+20.859, +8.566,+0.970
1690207860,+3.51,+20.758, +8.584,+0.971
1690208460,+3.51,+20.683, +8.579,+0.970
1690209060,+3.51,+20.591, +8.604,+0.970
1690209660,+3.51,+20.507, +8.622,+0.970
1690210260,+3.51,+20.440, +8.628,+0.970
1690210860,+3.51,+20.382, +8.634,+0.970
1690211460,+3.51,+20.340, +8.646,+0.970
1690212060,+3.51,+20.273, +8.654,+0.970
1690212660,+3.51,+20.206, +8.661,+0.970
1690213260,+3.51,+20.164, +8.663,+0.970
1690213860,+3.51,+20.080, +8.687,+0.970
1690214460,+3.51,+19.997, +8.703,+0.970
1690215060,+3.51,+19.930, +8.714,+0.970
1690215660,+3.51,+19.879, +8.715,+0.970
1690216260,+3.51,+19.829, +8.727,+0.970
1690216860,+3.51,+19.770, +8.737,+0.970
1690217460,+3.51,+19.712, +8.755,+0.971
1690218060,+3.51,+19.695, +8.745,+0.970
1690218660,+3.51,+19.670, +8.750,+0.970
1690219260,+3.51,+19.636, +8.760,+0.970
1690219860,+3.51,+19.611, +8.767,+0.970
1690220460,+3.51,+19.594, +8.764,+0.970
1690221060,+3.51,+19.578, +8.760,+0.969
1690221660,+3.51,+19.578, +8.764,+0.970
1690222260,+3.51,+19.569, +8.765,+0.970
1690222860,+3.51,+19.561, +8.772,+0.970
1690223460,+3.51,+19.544, +8.769,+0.970
1690224060,+3.51,+19.544, +8.764,+0.969
1690224660,+3.51,+19.527, +8.779,+0.970
1690225260,+3.51,+19.519, +8.785,+0.970
1690225860,+3.51,+19.527, +8.768,+0.970
1690226460,+3.51,+19.527, +8.763,+0.969
1690227060,+3.51,+19.502, +8.779,+0.970
1690227660,+3.51,+19.511, +8.774,+0.970
1690228260,+3.51,+19.527, +8.773,+0.970
1690228860,+3.51,+19.511, +8.769,+0.970
1690229460,+3.51,+19.502, +8.778,+0.970
1690230060,+3.51,+19.511, +8.768,+0.969
1690230660,+3.51,+19.511, +8.770,+0.969
1690231260,+3.51,+19.511, +8.766,+0.969
1690231860,+3.51,+19.519, +8.776,+0.970
1690232460,+3.51,+19.502, +8.776,+0.970
1690233060,+3.51,+19.502, +8.768,+0.969
1690233660,+3.51,+19.511, +8.775,+0.970
1690234260,+3.51,+19.511, +8.763,+0.969
1690234860,+3.51,+19.502, +8.764,+0.969
1690235460,+3.51,+19.502, +8.767,+0.970
1690236060,+3.51,+19.502, +8.758,+0.969
1690236660,+3.51,+19.511, +8.770,+0.970
1690237260,+3.51,+19.511, +8.765,+0.970
1690237860,+3.51,+19.502, +8.767,+0.970
1690238460,+3.51,+19.502, +8.773,+0.970
1690239060,+3.51,+19.502, +8.770,+0.970
1690239660,+3.51,+19.511, +8.766,+0.970
1690240260,+3.51,+19.511, +8.753,+0.969
1690240860,+3.51,+19.502, +8.775,+0.970
1690241460,+3.51,+19.494, +8.767,+0.970
1690242060,+3.51,+19.511, +8.765,+0.970
1690242660,+3.51,+19.502, +8.761,+0.970
1690243260,+3.51,+19.502, +8.761,+0.969
1690243860,+3.51,+19.519, +8.751,+0.969
1690244460,+3.51,+19.494, +8.772,+0.970
1690245060,+3.51,+19.485, +8.782,+0.970
1690245660,+3.51,+19.494, +8.771,+0.970
1690246260,+3.51,+19.494, +8.778,+0.970
1690246860,+3.51,+19.511, +8.765,+0.970
1690247460,+3.51,+19.485, +8.785,+0.970
1690248060,+3.51,+19.511, +8.769,+0.970
1690248660,+3.51,+19.485, +8.771,+0.969
1690249260,+3.51,+19.502, +8.764,+0.969
1690249860,+3.51,+19.511, +8.763,+0.969
1690250460,+3.51,+19.485, +8.777,+0.970
1690251060,+3.51,+19.477, +8.784,+0.970
1690251660,+3.51,+19.477, +8.776,+0.970
1690252260,+3.51,+19.494, +8.775,+0.969
1690252860,+3.51,+19.477, +8.787,+0.970
1690253460,+3.51,+19.485, +8.772,+0.969
1690254060,+3.51,+19.477, +8.772,+0.969
1690254660,+3.51,+19.502, +8.764,+0.969
1690255260,+3.51,+19.477, +8.786,+0.970
1690255860,+3.51,+19.469, +8.782,+0.969
1690256460,+3.51,+19.494, +8.776,+0.970
1690257060,+3.51,+19.485, +8.776,+0.969
1690257660,+3.51,+19.485, +8.772,+0.969
1690258260,+3.51,+19.485, +8.787,+0.970
1690258860,+3.51,+19.460, +8.788,+0.970
1690259460,+3.51,+19.485, +8.784,+0.970
1690260060,+3.51,+19.477, +8.792,+0.970
1690260660,+3.51,+19.477, +8.788,+0.970
1690261260,+3.51,+19.477, +8.785,+0.970
1690261860,+3.51,+19.477, +8.782,+0.969
1690262460,+3.51,+19.477, +8.791,+0.970
1690263060,+3.51,+19.485, +8.779,+0.969
1690263660,+3.51,+19.469, +8.794,+0.970
1690264260,+3.50,+19.980, +8.696,+0.970
1690264860,+3.50,+20.967, +8.540,+0.971
1690265460,+3.50,+21.904, +8.383,+0.971
1690266060,+3.50,+22.765, +8.258,+0.971
1690266660,+3.50,+23.620, +8.135,+0.971
1690267260,+3.50,+24.845, +7.977,+0.972
1690267860,+3.50,+26.761, +7.721,+0.972
1690268460,+3.49,+28.225, +7.462,+0.972
1690269060,+3.49,+29.271, +7.279,+1.006
1690269660,+3.50,+29.986, +7.194,+1.006
1690270260,+3.49,+30.540, +7.117,+1.005
1690270860,+3.49,+31.358, +7.063,+1.006
1690271460,+3.49,+32.743, +6.917,+1.006
1690272060,+3.49,+34.930, +6.871,+1.001
1690272660,+3.50,+34.500, +7.889,+0.999
1690273260,+3.50,+34.456, +8.171,+1.001
1690273860,+3.50,+34.608, +8.246,+1.001
