7450-106600
OS REV: 1.05 Sensor Cal: 1657827652
Time (sec),  BV (Volts),  T (deg C),  DO (mg/l),  Q ()
1690274460,+3.50,+34.572, +8.319,+1.001
1690275060,+3.50,+34.608, +8.354,+1.001
1690275660,+3.50,+34.733, +8.503,+1.001
1690276260,+3.50,+34.858, +8.442,+1.001
1690276860,+3.50,+34.939, +8.578,+1.000
1690277460,+3.51,+34.581, +8.181,+1.001
1690278060,+3.51,+34.456, +8.151,+1.002
1690278660,+3.51,+34.527, +8.189,+1.001
1690279260,+3.51,+34.465, +8.107,+1.002
1690279860,+3.51,+34.429, +8.017,+1.001
1690280460,+3.51,+34.411, +8.009,+1.001
1690281060,+3.51,+34.411, +7.846,+1.002
1690281660,+3.51,+34.518, +7.925,+1.002
1690282260,+3.51,+34.670, +8.140,+1.002
1690282860,+3.51,+34.840, +8.349,+1.001
1690283460,+3.51,+35.011, +8.503,+1.000
1690284060,+3.51,+34.939, +8.357,+1.000
1690284660,+3.51,+35.244, +8.900,+0.999
1690285260,+3.51,+35.370, +8.994,+0.999
1690285860,+3.52,+35.424, +9.018,+0.999
1690286460,+3.52,+35.586, +9.308,+0.998
1690287060,+3.52,+35.604, +9.467,+0.999
1690287660,+3.52,+35.703, +9.675,+0.998
1690288260,+3.52,+35.830, +9.731,+0.999
1690288860,+3.52,+35.893, +9.684,+0.997
1690289460,+3.52,+35.893, +9.769,+0.997
1690290060,+3.52,+35.839, +9.670,+0.998
1690290660,+3.52,+35.649, +9.352,+0.999
1690291260,+3.52,+35.379, +8.852,+0.999
1690291860,+3.52,+35.136, +8.559,+1.000
1690292460,+3.52,+35.262, +8.911,+1.000
1690293060,+3.52,+35.172, +8.722,+1.000
1690293660,+3.52,+35.136, +8.679,+1.000
1690294260,+3.52,+35.038, +8.517,+1.001
1690294860,+3.52,+35.091, +8.601,+1.001
1690295460,+3.52,+35.109, +8.637,+1.001
1690296060,+3.52,+35.127, +8.702,+1.001
1690296660,+3.52,+34.921, +8.199,+1.002
1690297260,+3.52,+34.769, +7.898,+1.002
1690297860,+3.53,+34.733, +7.946,+1.002
1690298460,+3.53,+34.796, +8.243,+1.003
1690299060,+3.53,+34.867, +8.426,+1.003
1690299660,+3.53,+34.858, +8.327,+1.003
1690300260,+3.53,+34.724, +7.910,+1.002
1690300860,+3.53,+34.679, +7.696,+1.003
1690301460,+3.53,+34.500, +7.491,+1.004
1690302060,+3.53,+34.572, +8.284,+1.004
1690302660,+3.53,+34.447, +7.740,+1.004
1690303260,+3.53,+34.268, +7.469,+1.004
1690303860,+3.53,+34.126, +7.200,+1.005
1690304460,+3.53,+34.001, +6.677,+1.005
1690305060,+3.53,+33.974, +6.648,+1.005
1690305660,+3.53,+33.939, +6.778,+1.006
1690306260,+3.53,+33.956, +7.280,+1.005
1690306860,+3.53,+33.841, +6.778,+1.006
1690307460,+3.53,+33.761, +6.570,+1.006
1690308060,+3.53,+33.708, +6.207,+1.006
1690308660,+3.53,+33.681, +6.151,+1.006
1690309260,+3.53,+33.645, +6.294,+1.007
1690309860,+3.53,+33.708, +6.658,+1.006
1690310460,+3.53,+33.770, +6.855,+1.006
1690311060,+3.53,+33.779, +7.251,+1.007
1690311660,+3.53,+33.770, +7.123,+1.007
1690312260,+3.53,+33.761, +7.116,+1.006
1690312860,+3.53,+33.725, +7.148,+1.007
1690313460,+3.53,+33.672, +7.061,+1.006
1690314060,+3.53,+33.672, +7.148,+1.006
1690314660,+3.53,+33.610, +7.167,+1.008
1690315260,+3.53,+33.610, +7.142,+1.008
1690315860,+3.53,+33.574, +7.087,+1.007
1690316460,+3.53,+33.601, +6.918,+1.007
1690317060,+3.53,+33.672, +6.513,+1.006
1690317660,+3.53,+33.708, +6.613,+1.006
1690318260,+3.53,+33.734, +6.795,+1.007
1690318860,+3.53,+33.743, +7.051,+1.006
1690319460,+3.53,+33.779, +6.858,+1.006
1690320060,+3.53,+33.876, +6.412,+1.006
1690320660,+3.53,+33.814, +6.231,+1.006
1690321260,+3.53,+33.637, +6.190,+1.006
1690321860,+3.53,+33.548, +6.446,+1.006
1690322460,+3.53,+33.583, +6.544,+1.007
1690323060,+3.53,+33.574, +6.710,+1.007
1690323660,+3.53,+33.548, +6.733,+1.007
1690324260,+3.53,+33.521, +6.709,+1.007
1690324860,+3.53,+33.495, +6.689,+1.007
1690325460,+3.53,+33.495, +6.081,+1.007
1690326060,+3.53,+33.379, +6.172,+1.007
1690326660,+3.54,+33.167, +6.209,+1.008
1690327260,+3.53,+33.035, +6.026,+1.008
1690327860,+3.53,+32.982, +5.870,+1.009
1690328460,+3.53,+32.946, +5.739,+1.009
1690329060,+3.53,+32.884, +5.565,+1.009
1690329660,+3.53,+32.876, +5.525,+1.009
1690330260,+3.53,+32.876, +5.358,+1.009
1690330860,+3.53,+32.902, +5.368,+1.008
1690331460,+3.53,+32.893, +5.203,+1.009
1690332060,+3.53,+32.884, +5.224,+1.008
1690332660,+3.53,+32.902, +5.629,+1.008
1690333260,+3.53,+32.867, +5.020,+1.008
1690333860,+3.53,+32.867, +5.044,+1.009
1690334460,+3.53,+32.876, +5.275,+1.009
1690335060,+3.53,+32.858, +5.420,+1.009
1690335660,+3.53,+32.840, +5.412,+1.009
1690336260,+3.53,+32.823, +5.367,+1.009
1690336860,+3.53,+32.796, +5.269,+1.009
1690337460,+3.53,+32.823, +5.326,+1.009
1690338060,+3.53,+32.867, +5.495,+1.009
1690338660,+3.53,+32.893, +5.647,+1.008
1690339260,+3.53,+32.911, +5.691,+1.009
1690339860,+3.53,+32.884, +5.588,+1.009
1690340460,+3.53,+32.840, +5.623,+1.009
1690341060,+3.53,+32.805, +5.707,+1.009
1690341660,+3.53,+32.840, +5.667,+1.009
1690342260,+3.53,+32.779, +5.540,+1.009
1690342860,+3.53,+32.796, +5.516,+1.010
1690343460,+3.53,+32.796, +5.564,+1.009
1690344060,+3.53,+32.787, +5.618,+1.010
1690344660,+3.53,+32.814, +5.707,+1.010
1690345260,+3.53,+32.840, +5.724,+1.009
1690345860,+3.53,+32.823, +5.701,+1.009
1690346460,+3.53,+32.840, +5.687,+1.009
1690347060,+3.53,+32.858, +5.715,+1.010
1690347660,+3.53,+32.893, +5.675,+1.010
1690348260,+3.53,+32.920, +5.669,+1.008
1690348860,+3.53,+32.937, +5.694,+1.009
1690349460,+3.53,+32.946, +5.735,+1.009
1690350060,+3.53,+32.964, +5.754,+1.008
1690350660,+3.53,+32.990, +5.813,+1.008
1690351260,+3.53,+33.105, +5.822,+1.008
1690351860,+3.54,+33.176, +5.945,+1.008
1690352460,+3.54,+33.194, +5.954,+1.009
1690353060,+3.54,+33.291, +6.021,+1.008
1690353660,+3.54,+33.335, +6.075,+1.007
1690354260,+3.54,+33.406, +6.162,+1.007
1690354860,+3.53,+33.495, +6.296,+1.007
1690355460,+3.53,+33.548, +6.361,+1.007
1690356060,+3.53,+33.708, +6.386,+1.007
1690356660,+3.53,+33.734, +6.445,+1.008
1690357260,+3.53,+33.912, +6.446,+1.006
1690357860,+3.53,+33.930, +6.700,+1.006
1690358460,+3.53,+34.001, +6.854,+1.007
1690359060,+3.53,+34.045, +6.882,+1.006
1690359660,+3.53,+34.152, +7.042,+1.006
1690360260,+3.53,+34.215, +7.112,+1.006
1690360860,+3.54,+34.268, +7.165,+1.006
