7450-389989
OS REV: 1.05 Sensor Cal: 1652986391
Time (sec),  BV (Volts),  T (deg C),  DO (mg/l),  Q ()
1676012580,+3.51,+25.086, +8.309,+0.938
1676012880,+3.51,+25.086, +8.374,+0.938
1676013180,+3.51,+25.103, +8.405,+0.938
1676013480,+3.51,+25.112, +8.422,+0.938
1676013780,+3.51,+25.120, +8.467,+0.938
1676014080,+3.51,+25.137, +8.462,+0.938
1676014380,+3.51,+25.120, +8.468,+0.938
1676014680,+3.51,+25.128, +8.513,+0.938
1676014980,+3.51,+25.120, +8.497,+0.938
1676015280,+3.51,+25.137, +8.508,+0.938
1676015580,+3.51,+25.145, +8.480,+0.938
1676015880,+3.51,+25.137, +8.489,+0.937
1676016180,+3.51,+25.171, +8.496,+0.937
1676016480,+3.51,+25.187, +8.019,+0.937
1676016780,+3.51,+24.624, +5.558,+0.928
1676017080,+3.51,+24.506, +3.875,+0.920
1676017380,+3.51,+24.498, +2.520,+0.913
1676017680,+3.51,+24.456, +1.489,+0.910
1676017980,+3.51,+24.422, +0.688,+0.906
1676018280,+3.51,+24.464, +0.230,+0.900
1676018580,+3.51,+24.431, +0.106,+0.897
1676018880,+3.51,+24.456, +0.095,+0.897
1676019180,+3.51,+24.498, +0.093,+0.896
1676019480,+3.51,+24.431, +0.092,+0.897
1676019780,+3.51,+24.464, +0.092,+0.896
1676020080,+3.51,+24.498, +0.091,+0.896
1676020380,+3.51,+24.523, +0.092,+0.896
1676020680,+3.51,+24.557, +0.091,+0.896
1676020980,+3.51,+24.515, +0.091,+0.896
1676021280,+3.51,+24.565, +0.092,+0.897
1676021580,+3.51,+24.414, +0.092,+0.897
1676021880,+3.51,+24.372, +0.093,+0.897
1676022180,+3.51,+24.405, +0.092,+0.897
1676022480,+3.51,+24.389, +0.093,+0.897
1676022780,+3.51,+24.422, +0.092,+0.897
1676023080,+3.51,+24.439, +0.093,+0.897
1676023380,+3.51,+24.397, +0.093,+0.897
1676023680,+3.51,+24.540, +0.092,+0.897
1676023980,+3.51,+24.397, +0.093,+0.897
1676024280,+3.51,+24.229, +0.094,+0.898
1676024580,+3.51,+24.288, +0.094,+0.898
1676024880,+3.51,+24.288, +0.095,+0.898
1676025180,+3.51,+24.204, +0.096,+0.898
1676025480,+3.51,+24.145, +0.095,+0.898
1676025780,+3.51,+24.045, +0.095,+0.898
1676026080,+3.51,+24.053, +0.096,+0.898
1676026380,+3.51,+24.045, +0.097,+0.899
1676026680,+3.51,+24.061, +0.097,+0.899
1676026980,+3.51,+24.003, +0.097,+0.899
1676027280,+3.51,+24.003, +0.097,+0.899
1676027580,+3.51,+23.961, +0.097,+0.899
1676027880,+3.51,+23.944, +0.098,+0.899
1676028180,+3.51,+24.045, +0.098,+0.899
1676028480,+3.51,+23.961, +0.097,+0.899
1676028780,+3.51,+23.935, +0.098,+0.900
1676029080,+3.51,+23.977, +0.098,+0.900
1676029380,+3.51,+24.011, +0.097,+0.900
1676029680,+3.51,+24.019, +0.098,+0.900
1676029980,+3.51,+24.095, +0.098,+0.900
1676030280,+3.51,+24.246, +0.097,+0.900
1676030580,+3.51,+24.372, +0.097,+0.900
1676030880,+3.51,+24.254, +0.097,+0.900
1676031180,+3.51,+24.179, +0.097,+0.900
1676031480,+3.51,+24.212, +0.097,+0.900
1676031780,+3.51,+24.204, +0.098,+0.900
1676032080,+3.51,+24.070, +0.098,+0.901
1676032380,+3.51,+24.003, +0.098,+0.901
1676032680,+3.51,+24.028, +0.098,+0.901
1676032980,+3.51,+24.036, +0.098,+0.901
1676033280,+3.51,+24.095, +0.097,+0.901
1676033580,+3.51,+24.103, +0.097,+0.901
1676033880,+3.51,+24.128, +0.097,+0.901
1676034180,+3.51,+24.246, +0.097,+0.901
1676034480,+3.51,+24.288, +0.096,+0.901
1676034780,+3.51,+24.212, +0.097,+0.901
1676035080,+3.51,+24.095, +0.097,+0.901
1676035380,+3.51,+24.045, +0.096,+0.901
1676035680,+3.51,+24.086, +0.097,+0.901
1676035980,+3.51,+24.095, +0.097,+0.901
1676036280,+3.51,+24.036, +0.097,+0.901
1676036580,+3.51,+24.078, +0.096,+0.901
1676036880,+3.51,+24.238, +0.096,+0.901
1676037180,+3.51,+24.380, +0.096,+0.901
1676037480,+3.51,+24.531, +0.095,+0.901
1676037780,+3.51,+24.708, +0.095,+0.900
1676038080,+3.51,+24.641, +0.095,+0.900
1676038380,+3.51,+24.607, +0.095,+0.901
1676038680,+3.51,+24.456, +0.095,+0.901
1676038980,+3.51,+24.363, +0.096,+0.901
1676039280,+3.51,+24.414, +0.096,+0.901
1676039580,+3.51,+24.422, +0.095,+0.901
1676039880,+3.51,+24.380, +0.095,+0.901
1676040180,+3.51,+24.498, +0.095,+0.901
1676040480,+3.51,+24.716, +0.095,+0.901
1676040780,+3.51,+24.498, +0.095,+0.901
1676041080,+3.51,+24.565, +0.095,+0.901
1676041380,+3.51,+24.582, +0.095,+0.901
1676041680,+3.51,+24.666, +0.094,+0.900
1676041980,+3.51,+24.817, +0.095,+0.901
1676042280,+3.51,+24.893, +0.095,+0.900
1676042580,+3.51,+24.935, +0.094,+0.900
1676042880,+3.51,+24.994, +0.094,+0.900
1676043180,+3.51,+25.002, +0.094,+0.900
1676043480,+3.51,+25.019, +0.094,+0.900
1676043780,+3.51,+25.070, +0.094,+0.900
1676044080,+3.50,+25.112, +0.094,+0.900
1676044380,+3.50,+25.120, +0.094,+0.900
1676044680,+3.50,+25.162, +0.094,+0.900
1676044980,+3.50,+25.221, +0.094,+0.900
1676045280,+3.50,+25.246, +0.094,+0.900
1676045580,+3.50,+25.137, +0.094,+0.900
1676045880,+3.50,+25.145, +0.094,+0.900
1676046180,+3.50,+25.187, +0.094,+0.900
1676046480,+3.50,+25.145, +0.095,+0.900
1676046780,+3.50,+25.347, +0.095,+0.900
1676047080,+3.51,+25.390, +0.095,+0.900
1676047380,+3.51,+25.373, +0.095,+0.900
1676047680,+3.51,+25.390, +0.094,+0.900
1676047980,+3.51,+25.432, +0.094,+0.900
1676048280,+3.51,+25.449, +0.095,+0.900
1676048580,+3.50,+25.280, +0.094,+0.900
1676048880,+3.50,+25.280, +0.095,+0.900
1676049180,+3.51,+25.364, +0.095,+0.900
1676049480,+3.51,+25.474, +0.094,+0.900
1676049780,+3.51,+25.398, +0.095,+0.900
1676050080,+3.51,+25.398, +0.094,+0.900
1676050380,+3.51,+25.449, +0.094,+0.900
1676050680,+3.51,+25.516, +0.095,+0.900
1676050980,+3.51,+25.449, +0.094,+0.900
1676051280,+3.51,+25.457, +0.094,+0.900
1676051580,+3.51,+25.482, +0.094,+0.900
1676051880,+3.51,+25.440, +0.094,+0.900
1676052180,+3.51,+25.415, +0.094,+0.900
1676052480,+3.50,+25.339, +0.095,+0.900
1676052780,+3.50,+25.322, +0.095,+0.900
1676053080,+3.50,+25.347, +0.094,+0.900
1676053380,+3.51,+25.390, +0.094,+0.900
1676053680,+3.51,+25.423, +0.094,+0.900
1676053980,+3.51,+25.457, +0.094,+0.900
1676054280,+3.51,+25.491, +0.094,+0.900
1676054580,+3.51,+25.482, +0.095,+0.900
1676054880,+3.51,+25.491, +0.094,+0.900
1676055180,+3.51,+25.465, +0.095,+0.900
1676055480,+3.51,+25.457, +0.095,+0.900
1676055780,+3.51,+25.457, +0.094,+0.900
1676056080,+3.51,+25.474, +0.095,+0.900
1676056380,+3.51,+25.465, +0.094,+0.900
1676056680,+3.51,+25.457, +0.095,+0.900
1676056980,+3.51,+25.482, +0.094,+0.900
1676057280,+3.51,+25.491, +0.094,+0.900
1676057580,+3.51,+25.482, +0.094,+0.900
1676057880,+3.51,+25.440, +0.094,+0.900
1676058180,+3.51,+25.465, +0.094,+0.900
1676058480,+3.51,+25.465, +0.094,+0.900
1676058780,+3.51,+25.474, +0.094,+0.900
1676059080,+3.51,+25.465, +0.094,+0.900
1676059380,+3.51,+25.449, +0.094,+0.900
1676059680,+3.51,+25.415, +0.095,+0.900
1676059980,+3.51,+25.390, +0.094,+0.900
1676060280,+3.51,+25.432, +0.094,+0.900
1676060580,+3.51,+25.415, +0.094,+0.900
1676060880,+3.51,+25.406, +0.094,+0.900
1676061180,+3.51,+25.406, +0.094,+0.900
1676061480,+3.51,+25.423, +0.094,+0.900
1676061780,+3.51,+25.415, +0.094,+0.900
1676062080,+3.51,+25.373, +0.094,+0.900
1676062380,+3.50,+25.263, +0.095,+0.900
1676062680,+3.50,+25.272, +0.094,+0.900
1676062980,+3.50,+25.246, +0.094,+0.900
1676063280,+3.50,+25.246, +0.094,+0.900
1676063580,+3.50,+25.305, +0.095,+0.900
1676063880,+3.51,+25.347, +0.094,+0.900
1676064180,+3.51,+25.390, +0.095,+0.900
1676064480,+3.51,+25.440, +0.094,+0.900
1676064780,+3.51,+25.432, +0.095,+0.900
1676065080,+3.51,+25.432, +0.094,+0.900
1676065380,+3.51,+25.432, +0.094,+0.900
1676065680,+3.51,+25.432, +0.094,+0.900
1676065980,+3.51,+25.432, +0.094,+0.900
1676066280,+3.51,+25.406, +0.095,+0.900
1676066580,+3.51,+25.415, +0.094,+0.900
1676066880,+3.51,+25.440, +0.094,+0.900
1676067180,+3.51,+25.423, +0.094,+0.900
1676067480,+3.51,+25.406, +0.094,+0.900
1676067780,+3.51,+25.364, +0.094,+0.900
1676068080,+3.50,+25.305, +0.095,+0.900
1676068380,+3.51,+25.331, +0.094,+0.900
1676068680,+3.51,+25.339, +0.094,+0.900
1676068980,+3.51,+25.390, +0.095,+0.900
1676069280,+3.51,+25.356, +0.095,+0.900
1676069580,+3.50,+25.331, +0.095,+0.900
1676069880,+3.51,+25.390, +0.094,+0.900
1676070180,+3.50,+25.339, +0.095,+0.900
1676070480,+3.50,+25.263, +0.095,+0.900
1676070780,+3.51,+25.112, +0.095,+0.900
1676071080,+3.51,+25.103, +0.095,+0.900
1676071380,+3.51,+25.154, +0.096,+0.900
1676071680,+3.51,+25.204, +0.095,+0.900
1676071980,+3.50,+25.255, +0.095,+0.900
1676072280,+3.50,+25.213, +0.096,+0.900
1676072580,+3.51,+25.305, +0.098,+0.900
1676072880,+3.51,+25.272, +0.095,+0.900
1676073180,+3.51,+25.229, +0.095,+0.900
1676073480,+3.51,+25.154, +0.095,+0.900
1676073780,+3.51,+25.137, +0.095,+0.900
1676074080,+3.51,+25.086, +0.095,+0.900
1676074380,+3.51,+25.112, +0.095,+0.900
1676074680,+3.51,+25.171, +0.095,+0.900
1676074980,+3.51,+25.196, +0.095,+0.900
1676075280,+3.51,+25.103, +0.095,+0.900
1676075580,+3.51,+25.078, +0.095,+0.900
1676075880,+3.51,+25.128, +0.095,+0.900
1676076180,+3.51,+25.162, +0.094,+0.900
1676076480,+3.51,+25.187, +0.095,+0.900
1676076780,+3.51,+25.154, +0.095,+0.900
1676077080,+3.51,+25.137, +0.095,+0.900
1676077380,+3.51,+25.036, +0.095,+0.900
1676077680,+3.51,+25.027, +0.095,+0.900
1676077980,+3.51,+25.002, +0.095,+0.900
1676078280,+3.51,+25.044, +0.095,+0.900
1676078580,+3.51,+25.086, +0.095,+0.900
1676078880,+3.51,+25.112, +0.095,+0.900
1676079180,+3.51,+25.145, +0.095,+0.900
1676079480,+3.51,+25.137, +0.095,+0.900
1676079780,+3.51,+25.154, +0.095,+0.900
1676080080,+3.51,+25.162, +0.095,+0.900
1676080380,+3.51,+25.137, +0.095,+0.900
1676080680,+3.51,+25.145, +0.095,+0.900
1676080980,+3.51,+25.179, +0.095,+0.900
1676081280,+3.51,+25.196, +0.095,+0.900
1676081580,+3.51,+25.179, +0.095,+0.900
1676081880,+3.51,+25.112, +0.095,+0.900
1676082180,+3.51,+25.078, +0.096,+0.900
1676082480,+3.51,+25.145, +0.095,+0.900
1676082780,+3.51,+25.086, +0.095,+0.900
1676083080,+3.51,+25.095, +0.095,+0.900
1676083380,+3.51,+25.086, +0.095,+0.900
1676083680,+3.51,+25.086, +0.096,+0.900
1676083980,+3.51,+25.137, +0.095,+0.900
1676084280,+3.51,+25.171, +0.095,+0.900
1676084580,+3.51,+25.145, +0.095,+0.900
1676084880,+3.51,+25.171, +0.095,+0.900
1676085180,+3.51,+25.179, +0.095,+0.900
1676085480,+3.50,+25.196, +0.095,+0.900
1676085780,+3.51,+25.221, +0.095,+0.900
1676086080,+3.51,+25.213, +0.095,+0.900
1676086380,+3.51,+25.204, +0.095,+0.900
1676086680,+3.50,+25.213, +0.095,+0.900
1676086980,+3.51,+25.204, +0.095,+0.900
1676087280,+3.51,+25.213, +0.095,+0.900
1676087580,+3.51,+25.213, +0.096,+0.900
1676087880,+3.51,+25.196, +0.096,+0.900
1676088180,+3.51,+25.196, +0.095,+0.900
1676088480,+3.51,+25.187, +0.095,+0.900
1676088780,+3.51,+25.196, +0.095,+0.900
1676089080,+3.51,+25.204, +0.095,+0.900
1676089380,+3.51,+25.229, +0.095,+0.900
1676089680,+3.51,+25.179, +0.095,+0.900
1676089980,+3.51,+25.187, +0.095,+0.900
1676090280,+3.51,+25.187, +0.095,+0.900
1676090580,+3.51,+25.204, +0.095,+0.900
1676090880,+3.51,+25.171, +0.095,+0.900
1676091180,+3.51,+25.145, +0.095,+0.900
1676091480,+3.51,+25.145, +0.096,+0.900
1676091780,+3.51,+25.179, +0.095,+0.900
1676092080,+3.51,+25.187, +0.095,+0.900
1676092380,+3.50,+25.196, +0.095,+0.900
1676092680,+3.51,+25.204, +0.095,+0.900
1676092980,+3.51,+25.179, +0.095,+0.900
1676093280,+3.50,+25.196, +0.095,+0.900
1676093580,+3.51,+25.179, +0.095,+0.900
1676093880,+3.51,+25.204, +0.095,+0.900
1676094180,+3.51,+25.213, +0.095,+0.900
1676094480,+3.51,+25.221, +0.095,+0.900
1676094780,+3.51,+25.229, +0.095,+0.900
1676095080,+3.51,+25.221, +0.095,+0.899
1676095380,+3.51,+25.238, +0.096,+0.899
1676095680,+3.51,+25.263, +0.096,+0.899
1676095980,+3.50,+25.238, +0.096,+0.899
1676096280,+3.51,+25.246, +0.096,+0.899
1676096580,+3.51,+25.229, +0.096,+0.899
1676096880,+3.51,+25.255, +0.096,+0.899
1676097180,+3.51,+25.246, +0.096,+0.899
1676097480,+3.51,+25.238, +0.096,+0.899
1676097780,+3.51,+25.246, +0.096,+0.899
1676098080,+3.51,+25.263, +0.096,+0.899
1676098380,+3.50,+25.272, +0.096,+0.899
1676098680,+3.50,+25.263, +0.097,+0.899
1676098980,+3.50,+25.280, +0.096,+0.899
