7450-389989
OS REV: 1.05 Sensor Cal: 1652986391
Time (sec),  BV (Volts),  T (deg C),  DO (mg/l),  Q ()
1676619480,+3.50,+22.612, +5.466,+0.869
1676619780,+3.50,+22.696, +5.769,+0.877
1676620080,+3.50,+22.712, +5.741,+0.880
1676620380,+3.50,+22.746, +5.730,+0.882
1676620680,+3.50,+22.771, +5.440,+0.886
1676620980,+3.50,+22.771, +5.309,+0.886
1676621280,+3.50,+22.746, +5.535,+0.881
1676621580,+3.50,+22.771, +5.585,+0.884
1676621880,+3.50,+22.779, +5.337,+0.888
1676622180,+3.50,+22.796, +5.239,+0.889
1676622480,+3.50,+22.796, +5.285,+0.890
1676622780,+3.50,+22.754, +5.259,+0.890
1676623080,+3.50,+22.738, +5.834,+0.884
1676623380,+3.50,+22.754, +6.177,+0.888
1676623680,+3.50,+22.771, +6.016,+0.893
1676623980,+3.50,+22.763, +5.735,+0.895
1676624280,+3.50,+22.738, +5.753,+0.894
1676624580,+3.50,+22.738, +6.077,+0.891
1676624880,+3.50,+22.738, +5.730,+0.898
1676625180,+3.50,+22.738, +5.575,+0.898
1676625480,+3.50,+23.910, +8.942,+0.937
1676625780,+3.50,+24.473, +8.631,+0.934
1676626080,+3.51,+23.282, +8.969,+0.935
1676626380,+3.51,+23.290, +8.947,+0.936
1676626680,+3.50,+25.676, +8.537,+0.936
1676626980,+3.50,+27.174, +8.282,+0.935
1676627280,+3.50,+27.055, +8.289,+0.935
1676627580,+3.50,+26.767, +8.334,+0.935
1676627880,+3.50,+26.623, +8.343,+0.935
1676628180,+3.50,+26.352, +8.374,+0.935
1676628480,+3.50,+25.921, +8.437,+0.935
1676628780,+3.50,+25.331, +8.584,+0.935
1676629080,+3.50,+25.803, +8.568,+0.936
1676629380,+3.50,+26.538, +8.440,+0.935
1676629680,+3.50,+27.030, +8.371,+0.935
1676629980,+3.50,+27.310, +8.320,+0.935
1676630280,+3.50,+27.463, +8.312,+0.936
1676630580,+3.50,+27.608, +8.271,+0.935
1676630880,+3.50,+27.659, +8.263,+0.935
1676631180,+3.50,+27.659, +8.261,+0.935
1676631480,+3.50,+27.693, +8.255,+0.935
1676631780,+3.50,+27.727, +8.244,+0.935
1676632080,+3.50,+27.701, +8.249,+0.935
1676632380,+3.50,+27.701, +8.237,+0.934
1676632680,+3.50,+27.676, +8.255,+0.936
1676632980,+3.50,+27.676, +8.259,+0.936
1676633280,+3.50,+27.667, +8.246,+0.935
1676633580,+3.50,+27.667, +8.239,+0.935
1676633880,+3.50,+27.659, +8.239,+0.935
1676634180,+3.50,+27.625, +8.249,+0.936
1676634480,+3.50,+27.625, +8.242,+0.935
1676634780,+3.50,+27.591, +8.243,+0.935
1676635080,+3.50,+27.557, +8.248,+0.936
1676635380,+3.50,+27.540, +8.254,+0.936
1676635680,+3.50,+27.514, +8.241,+0.935
1676635980,+3.50,+27.489, +8.253,+0.936
1676636280,+3.50,+27.429, +8.226,+0.936
1676636580,+3.50,+27.429, +8.213,+0.935
1676636880,+3.51,+26.597, +8.244,+0.934
1676637180,+3.50,+25.246, +8.416,+0.935
1676637480,+3.51,+24.481, +8.701,+0.935
1676637780,+3.51,+24.548, +8.757,+0.935
1676638080,+3.51,+24.851, +8.731,+0.936
1676638380,+3.50,+25.314, +8.680,+0.936
1676638680,+3.51,+24.775, +8.733,+0.935
1676638980,+3.50,+24.162, +8.782,+0.936
1676639280,+3.51,+23.944, +8.790,+0.935
1676639580,+3.51,+23.801, +8.817,+0.936
1676639880,+3.51,+23.617, +8.922,+0.935
1676640180,+3.51,+23.257, +8.981,+0.935
1676640480,+3.51,+22.980, +8.962,+0.935
1676640780,+3.51,+22.972, +8.945,+0.935
1676641080,+3.51,+23.005, +8.941,+0.936
1676641380,+3.51,+23.014, +8.953,+0.936
1676641680,+3.51,+22.805, +9.045,+0.935
1676641980,+3.51,+22.587, +9.060,+0.936
1676642280,+3.51,+22.629, +9.018,+0.935
1676642580,+3.51,+22.712, +9.002,+0.936
1676642880,+3.51,+22.754, +8.992,+0.936
1676643180,+3.51,+22.779, +9.066,+0.935
1676643480,+3.51,+22.595, +9.098,+0.935
1676643780,+3.51,+22.520, +9.054,+0.936
1676644080,+3.51,+22.595, +9.073,+0.935
1676644380,+3.51,+22.696, +9.035,+0.935
1676644680,+3.51,+22.771, +9.034,+0.936
1676644980,+3.51,+22.838, +9.028,+0.935
1676645280,+3.51,+22.679, +9.092,+0.935
1676645580,+3.51,+22.537, +9.056,+0.935
1676645880,+3.51,+22.579, +9.056,+0.936
1676646180,+3.51,+22.679, +9.035,+0.936
1676646480,+3.51,+22.754, +9.056,+0.935
1676646780,+3.51,+22.846, +9.039,+0.935
1676647080,+3.51,+22.796, +9.080,+0.935
1676647380,+3.51,+22.579, +9.082,+0.936
1676647680,+3.51,+22.620, +9.079,+0.936
1676647980,+3.51,+22.704, +9.031,+0.935
1676648280,+3.51,+22.796, +9.045,+0.936
1676648580,+3.51,+22.855, +9.059,+0.935
1676648880,+3.51,+22.922, +9.049,+0.935
1676649180,+3.51,+22.997, +9.056,+0.935
1676649480,+3.51,+22.788, +9.073,+0.935
1676649780,+3.51,+22.687, +9.063,+0.936
1676650080,+3.51,+22.771, +9.029,+0.935
1676650380,+3.51,+22.813, +9.046,+0.936
1676650680,+3.51,+22.880, +9.032,+0.935
1676650980,+3.51,+22.972, +9.008,+0.936
1676651280,+3.50,+23.039, +9.010,+0.935
1676651580,+3.50,+23.047, +9.081,+0.936
1676651880,+3.51,+22.863, +9.094,+0.935
1676652180,+3.51,+22.788, +9.073,+0.936
1676652480,+3.51,+22.871, +9.056,+0.936
1676652780,+3.51,+22.930, +9.083,+0.935
1676653080,+3.51,+23.022, +9.030,+0.935
1676653380,+3.50,+23.081, +9.017,+0.935
1676653680,+3.50,+23.014, +9.090,+0.935
1676653980,+3.51,+22.796, +9.096,+0.934
1676654280,+3.51,+22.846, +9.069,+0.935
1676654580,+3.51,+22.930, +9.036,+0.935
1676654880,+3.50,+23.014, +9.035,+0.936
1676655180,+3.50,+23.039, +9.035,+0.935
1676655480,+3.50,+23.114, +9.036,+0.935
1676655780,+3.50,+23.181, +9.017,+0.935
1676656080,+3.50,+23.198, +9.083,+0.936
1676656380,+3.51,+22.947, +9.096,+0.935
1676656680,+3.50,+22.997, +9.056,+0.935
1676656980,+3.50,+23.047, +9.062,+0.935
1676657280,+3.50,+23.114, +9.049,+0.936
1676657580,+3.50,+23.165, +9.056,+0.936
1676657880,+3.51,+23.215, +9.055,+0.936
1676658180,+3.51,+23.273, +9.039,+0.936
1676658480,+3.51,+23.315, +9.029,+0.936
1676658780,+3.51,+23.357, +9.054,+0.935
1676659080,+3.50,+23.106, +9.090,+0.935
1676659380,+3.50,+23.022, +9.089,+0.936
1676659680,+3.50,+23.081, +9.077,+0.936
1676659980,+3.50,+23.139, +9.059,+0.935
1676660280,+3.51,+23.223, +9.050,+0.935
1676660580,+3.51,+23.265, +9.047,+0.936
1676660880,+3.51,+23.307, +9.040,+0.936
1676661180,+3.51,+23.357, +9.020,+0.935
1676661480,+3.51,+23.391, +9.075,+0.936
1676661780,+3.50,+23.148, +9.099,+0.935
1676662080,+3.50,+23.106, +9.088,+0.936
1676662380,+3.50,+23.156, +9.098,+0.936
1676662680,+3.51,+23.223, +9.068,+0.935
1676662980,+3.51,+23.282, +9.042,+0.936
1676663280,+3.51,+23.332, +9.020,+0.935
1676663580,+3.51,+23.391, +9.023,+0.936
1676663880,+3.51,+23.441, +9.017,+0.936
1676664180,+3.51,+23.407, +9.069,+0.935
1676664480,+3.50,+23.173, +9.095,+0.935
1676664780,+3.50,+23.039, +9.086,+0.935
1676665080,+3.50,+23.106, +9.092,+0.936
1676665380,+3.50,+23.173, +9.060,+0.935
