7450-715405
OS REV: 1.05 Sensor Cal: 1677879133
Time (sec),  BV (Volts),  T (deg C),  DO (mg/l),  Q ()
1690883460,+3.54,+36.227, +7.259,+0.896
1690884060,+3.54,+36.119, +7.388,+0.897
1690884660,+3.55,+35.993, +7.524,+0.897
1690885260,+3.55,+36.011, +7.632,+0.898
1690885860,+3.54,+36.146, +7.741,+0.897
1690886460,+3.54,+36.263, +7.886,+0.897
1690887060,+3.54,+36.335, +8.027,+0.897
1690887660,+3.54,+36.344, +8.130,+0.896
1690888260,+3.54,+36.417, +8.227,+0.896
1690888860,+3.54,+36.444, +8.394,+0.897
1690889460,+3.54,+36.471, +8.540,+0.897
1690890060,+3.54,+36.471, +8.643,+0.896
1690890660,+3.54,+36.471, +8.809,+0.897
1690891260,+3.54,+36.471, +8.956,+0.896
1690891860,+3.54,+36.480, +9.114,+0.897
1690892460,+3.54,+36.335, +9.367,+0.899
1690893060,+3.54,+36.227, +9.518,+0.898
1690893660,+3.54,+36.326, +9.610,+0.898
1690894260,+3.54,+36.381, +9.719,+0.898
1690894860,+3.54,+36.471, +9.769,+0.898
1690895460,+3.54,+36.471, +9.879,+0.899
1690896060,+3.54,+36.480, +9.923,+0.898
1690896660,+3.55,+36.263, +9.978,+0.899
1690897260,+3.55,+36.065,+10.037,+0.899
1690897860,+3.55,+35.930,+10.101,+0.900
1690898460,+3.55,+35.750,+10.210,+0.901
1690899060,+3.55,+35.660,+10.293,+0.903
1690899660,+3.55,+35.580,+10.270,+0.901
1690900260,+3.55,+35.320,+10.338,+0.902
1690900860,+3.55,+35.176,+10.333,+0.903
1690901460,+3.55,+35.078,+10.325,+0.903
1690902060,+3.55,+34.953,+10.309,+0.904
1690902660,+3.55,+34.899,+10.234,+0.903
1690903260,+3.55,+34.757,+10.186,+0.902
1690903860,+3.55,+34.641,+10.165,+0.904
1690904460,+3.55,+34.578,+10.095,+0.903
1690905060,+3.55,+34.463,+10.060,+0.904
1690905660,+3.55,+34.338,+10.010,+0.904
1690906260,+3.55,+34.267, +9.947,+0.905
1690906860,+3.55,+34.143, +9.892,+0.905
1690907460,+3.55,+34.063, +9.806,+0.905
1690908060,+3.55,+33.983, +9.737,+0.905
1690908660,+3.55,+33.876, +9.679,+0.906
1690909260,+3.55,+33.770, +9.591,+0.905
1690909860,+3.55,+33.691, +9.483,+0.904
1690910460,+3.55,+33.629, +9.445,+0.907
1690911060,+3.55,+33.611, +9.337,+0.906
1690911660,+3.55,+33.567, +9.227,+0.904
1690912260,+3.55,+33.505, +9.130,+0.904
1690912860,+3.55,+33.461, +9.059,+0.905
1690913460,+3.55,+33.478, +8.972,+0.905
1690914060,+3.55,+33.381, +8.894,+0.904
1690914660,+3.55,+33.346, +8.832,+0.905
1690915260,+3.55,+33.311, +8.738,+0.906
1690915860,+3.55,+33.319, +8.643,+0.906
1690916460,+3.55,+33.311, +8.539,+0.905
1690917060,+3.55,+33.266, +8.461,+0.905
1690917660,+3.55,+33.187, +8.367,+0.904
1690918260,+3.55,+33.117, +8.305,+0.905
1690918860,+3.55,+33.020, +8.221,+0.906
1690919460,+3.55,+32.923, +8.105,+0.904
1690920060,+3.55,+32.896, +8.009,+0.905
1690920660,+3.55,+32.808, +7.910,+0.905
1690921260,+3.55,+32.756, +7.792,+0.904
1690921860,+3.55,+32.756, +7.685,+0.905
1690922460,+3.55,+32.756, +7.574,+0.905
1690923060,+3.55,+32.747, +7.459,+0.904
1690923660,+3.55,+32.764, +7.380,+0.905
1690924260,+3.55,+32.782, +7.290,+0.904
1690924860,+3.55,+32.773, +7.210,+0.904
1690925460,+3.55,+32.729, +7.137,+0.904
1690926060,+3.55,+32.694, +7.051,+0.904
1690926660,+3.55,+32.668, +6.977,+0.905
1690927260,+3.55,+32.659, +6.883,+0.904
1690927860,+3.55,+32.650, +6.807,+0.904
1690928460,+3.55,+32.668, +6.729,+0.904
1690929060,+3.55,+32.703, +6.656,+0.904
1690929660,+3.55,+32.738, +6.579,+0.904
1690930260,+3.55,+32.747, +6.508,+0.904
1690930860,+3.55,+32.764, +6.442,+0.904
1690931460,+3.55,+32.879, +6.360,+0.903
1690932060,+3.55,+32.905, +6.297,+0.903
1690932660,+3.55,+32.852, +6.243,+0.903
1690933260,+3.55,+32.545, +6.212,+0.903
1690933860,+3.55,+32.396, +6.168,+0.904
1690934460,+3.55,+32.282, +6.102,+0.904
1690935060,+3.55,+32.282, +6.015,+0.904
1690935660,+3.55,+32.291, +5.918,+0.903
1690936260,+3.55,+32.431, +5.816,+0.904
1690936860,+3.55,+32.589, +5.720,+0.903
1690937460,+3.55,+32.334, +5.676,+0.903
1690938060,+3.55,+32.264, +5.610,+0.903
1690938660,+3.55,+32.273, +5.542,+0.903
1690939260,+3.55,+32.273, +5.471,+0.903
1690939860,+3.55,+32.334, +5.400,+0.904
1690940460,+3.55,+32.405, +5.325,+0.903
1690941060,+3.55,+32.536, +5.264,+0.904
1690941660,+3.55,+32.870, +5.182,+0.902
1690942260,+3.55,+33.134, +5.126,+0.902
1690942860,+3.55,+33.284, +5.102,+0.902
1690943460,+3.55,+33.408, +5.072,+0.901
1690944060,+3.55,+33.576, +5.087,+0.902
1690944660,+3.55,+33.682, +5.118,+0.901
1690945260,+3.55,+33.744, +5.177,+0.902
1690945860,+3.55,+33.788, +5.242,+0.901
1690946460,+3.55,+33.779, +5.318,+0.900
1690947060,+3.55,+33.788, +5.411,+0.902
1690947660,+3.55,+33.761, +5.486,+0.901
1690948260,+3.55,+33.752, +5.565,+0.901
1690948860,+3.55,+33.744, +5.638,+0.901
1690949460,+3.55,+33.752, +5.708,+0.901
1690950060,+3.55,+33.788, +5.761,+0.901
1690950660,+3.55,+33.788, +5.819,+0.901
1690951260,+3.55,+33.797, +5.863,+0.901
1690951860,+3.55,+33.841, +5.906,+0.901
1690952460,+3.55,+33.876, +5.937,+0.900
1690953060,+3.55,+33.876, +5.991,+0.901
1690953660,+3.55,+33.912, +6.021,+0.901
1690954260,+3.55,+33.939, +6.053,+0.901
1690954860,+3.54,+33.992, +6.075,+0.901
1690955460,+3.54,+34.063, +6.082,+0.900
1690956060,+3.54,+34.125, +6.112,+0.901
1690956660,+3.54,+34.205, +6.101,+0.900
1690957260,+3.55,+34.267, +6.120,+0.901
1690957860,+3.55,+34.276, +6.126,+0.901
1690958460,+3.55,+34.285, +6.131,+0.899
1690959060,+3.55,+34.356, +6.147,+0.900
1690959660,+3.55,+34.383, +6.169,+0.901
1690960260,+3.55,+34.418, +6.171,+0.900
1690960860,+3.55,+34.489, +6.179,+0.900
1690961460,+3.55,+34.659, +6.184,+0.901
1690962060,+3.55,+34.837, +6.168,+0.899
1690962660,+3.55,+34.962, +6.186,+0.899
1690963260,+3.54,+35.069, +6.219,+0.898
1690963860,+3.54,+35.194, +6.281,+0.898
1690964460,+3.54,+35.364, +6.313,+0.897
1690965060,+3.55,+35.481, +6.369,+0.898
1690965660,+3.55,+35.571, +6.439,+0.897
1690966260,+3.55,+35.759, +6.498,+0.897
1690966860,+3.55,+35.894, +6.550,+0.896
1690967460,+3.55,+36.029, +6.606,+0.896
1690968060,+3.54,+36.155, +6.688,+0.895
1690968660,+3.54,+36.209, +6.801,+0.896
1690969260,+3.54,+36.254, +6.926,+0.895
1690969860,+3.54,+36.254, +7.063,+0.895
