7450-244206
OS REV: 1.05 Sensor Cal: 1652983681
Time (sec),  BV (Volts),  T (deg C),  DO (mg/l),  Q ()
1691318460,+3.54,+35.981,+12.048,+0.933
1691319060,+3.54,+36.035,+12.373,+0.933
1691319660,+3.54,+35.990,+11.837,+0.934
1691320260,+3.54,+36.062,+12.336,+0.933
1691320860,+3.54,+36.026,+11.910,+0.932
1691321460,+3.54,+36.098,+11.981,+0.930
1691322060,+3.54,+36.062,+11.759,+0.930
1691322660,+3.54,+36.107,+11.833,+0.930
1691323260,+3.54,+36.098,+11.727,+0.927
1691323860,+3.54,+36.062,+11.288,+0.928
1691324460,+3.54,+36.116,+11.563,+0.930
1691325060,+3.54,+36.143,+11.928,+0.930
1691325660,+3.54,+36.098,+11.515,+0.931
1691326260,+3.54,+35.954,+11.242,+0.930
1691326860,+3.54,+35.800,+10.967,+0.933
1691327460,+3.54,+35.728,+10.977,+0.934
1691328060,+3.54,+35.656,+11.111,+0.935
1691328660,+3.54,+35.611,+11.129,+0.937
1691329260,+3.54,+35.584,+11.087,+0.935
1691329860,+3.54,+35.575,+11.184,+0.938
1691330460,+3.54,+35.521,+11.163,+0.937
1691331060,+3.54,+35.395,+10.867,+0.938
1691331660,+3.54,+35.287,+10.701,+0.943
1691332260,+3.54,+35.162,+10.514,+0.944
1691332860,+3.54,+35.081,+10.288,+0.947
1691333460,+3.54,+34.902, +9.918,+0.947
1691334060,+3.54,+34.696, +9.432,+0.949
1691334660,+3.55,+34.526, +8.974,+0.952
1691335260,+3.55,+34.357, +8.493,+0.953
1691335860,+3.54,+34.232, +8.058,+0.953
1691336460,+3.54,+34.081, +7.683,+0.953
1691337060,+3.54,+33.974, +7.234,+0.952
1691337660,+3.54,+33.867, +6.878,+0.951
1691338260,+3.55,+33.716, +6.540,+0.951
1691338860,+3.55,+33.583, +6.236,+0.948
1691339460,+3.55,+33.530, +5.944,+0.945
1691340060,+3.55,+33.468, +5.782,+0.945
1691340660,+3.55,+33.433, +5.564,+0.942
1691341260,+3.55,+33.415, +5.446,+0.942
1691341860,+3.55,+33.353, +5.431,+0.944
1691342460,+3.55,+33.450, +5.576,+0.950
1691343060,+3.55,+33.441, +5.349,+0.948
1691343660,+3.55,+33.371, +5.232,+0.948
1691344260,+3.55,+33.388, +5.068,+0.947
1691344860,+3.55,+33.424, +4.966,+0.945
1691345460,+3.55,+33.441, +4.996,+0.946
1691346060,+3.55,+33.362, +4.712,+0.943
1691346660,+3.55,+33.477, +4.835,+0.941
1691347260,+3.54,+33.743, +5.425,+0.944
1691347860,+3.54,+33.832, +5.449,+0.943
1691348460,+3.54,+33.885, +5.482,+0.941
1691349060,+3.54,+33.894, +5.365,+0.936
1691349660,+3.54,+33.787, +4.547,+0.920
1691350260,+3.54,+33.743, +4.041,+0.908
1691350860,+3.54,+33.716, +3.676,+0.891
1691351460,+3.54,+33.761, +3.577,+0.880
1691352060,+3.54,+33.778, +3.362,+0.869
1691352660,+3.54,+33.805, +3.308,+0.860
1691353260,+3.54,+33.778, +3.084,+0.865
1691353860,+3.54,+33.752, +2.993,+0.862
1691354460,+3.54,+33.769, +3.059,+0.861
1691355060,+3.54,+33.707, +2.961,+0.860
1691355660,+3.54,+33.645, +2.836,+0.864
1691356260,+3.55,+33.539, +2.785,+0.866
1691356860,+3.55,+33.512, +2.699,+0.864
1691357460,+3.55,+33.433, +2.654,+0.868
1691358060,+3.55,+33.450, +2.597,+0.872
1691358660,+3.55,+33.380, +2.641,+0.871
1691359260,+3.55,+33.388, +3.028,+0.864
1691359860,+3.55,+33.406, +3.469,+0.867
1691360460,+3.55,+33.371, +3.715,+0.876
1691361060,+3.55,+33.309, +3.690,+0.869
1691361660,+3.55,+33.247, +3.728,+0.876
1691362260,+3.54,+32.973, +3.717,+0.881
1691362860,+3.54,+32.691, +3.371,+0.881
1691363460,+3.55,+32.374, +3.124,+0.889
1691364060,+3.55,+32.278, +2.857,+0.891
1691364660,+3.55,+32.208, +2.632,+0.892
1691365260,+3.55,+32.050, +2.823,+0.898
1691365860,+3.54,+31.910, +2.367,+0.896
1691366460,+3.54,+31.787, +2.520,+0.903
1691367060,+3.55,+31.604, +2.374,+0.907
1691367660,+3.55,+31.412, +2.370,+0.907
1691368260,+3.55,+31.359, +2.123,+0.905
1691368860,+3.55,+31.255, +2.153,+0.903
1691369460,+3.55,+31.150, +2.125,+0.905
1691370060,+3.55,+31.098, +1.991,+0.906
1691370660,+3.55,+31.011, +1.936,+0.907
1691371260,+3.55,+30.924, +1.836,+0.908
1691371860,+3.55,+30.889, +1.735,+0.906
1691372460,+3.55,+30.837, +1.797,+0.905
1691373060,+3.55,+31.063, +2.066,+0.903
1691373660,+3.55,+31.229, +1.979,+0.903
1691374260,+3.55,+31.429, +1.985,+0.903
1691374860,+3.54,+31.604, +2.039,+0.903
1691375460,+3.54,+31.673, +2.126,+0.906
1691376060,+3.54,+31.726, +2.231,+0.907
1691376660,+3.54,+31.770, +2.421,+0.909
1691377260,+3.54,+31.787, +2.542,+0.918
1691377860,+3.54,+31.875, +2.921,+0.928
1691378460,+3.55,+32.102, +3.525,+0.939
1691379060,+3.55,+32.471, +4.342,+0.951
1691379660,+3.54,+32.568, +4.950,+0.956
1691380260,+3.55,+32.251, +3.866,+0.927
1691380860,+3.55,+32.208, +2.971,+0.920
1691381460,+3.55,+32.330, +3.233,+0.928
1691382060,+3.55,+32.453, +4.180,+0.946
1691382660,+3.54,+32.550, +4.744,+0.950
1691383260,+3.54,+33.132, +5.919,+0.953
1691383860,+3.54,+33.371, +6.704,+0.955
1691384460,+3.54,+33.530, +7.287,+0.954
1691385060,+3.54,+33.645, +8.013,+0.951
1691385660,+3.54,+33.734, +8.548,+0.951
1691386260,+3.54,+33.823, +8.736,+0.948
1691386860,+3.54,+33.867, +8.788,+0.948
1691387460,+3.54,+33.929, +9.112,+0.946
1691388060,+3.54,+33.929, +9.509,+0.947
1691388660,+3.54,+33.956, +9.284,+0.947
1691389260,+3.54,+33.992, +9.311,+0.946
1691389860,+3.54,+34.054, +9.959,+0.946
1691390460,+3.54,+34.170, +9.815,+0.945
1691391060,+3.54,+34.294,+10.173,+0.946
1691391660,+3.54,+34.392,+10.678,+0.944
1691392260,+3.54,+34.544,+10.514,+0.943
1691392860,+3.54,+34.598,+10.560,+0.944
1691393460,+3.54,+34.678,+10.898,+0.942
1691394060,+3.54,+34.750,+10.922,+0.940
1691394660,+3.54,+34.750,+10.823,+0.941
1691395260,+3.54,+34.759,+10.508,+0.943
1691395860,+3.54,+34.929,+10.936,+0.942
1691396460,+3.54,+35.117,+11.135,+0.941
1691397060,+3.54,+35.287,+11.433,+0.939
1691397660,+3.54,+35.413,+11.527,+0.939
1691398260,+3.54,+35.575,+12.026,+0.936
1691398860,+3.54,+35.701,+12.375,+0.939
1691399460,+3.54,+35.656,+12.588,+0.940
1691400060,+3.54,+35.854,+13.549,+0.942
1691400660,+3.54,+35.963,+13.873,+0.940
1691401260,+3.54,+36.152,+14.167,+0.939
1691401860,+3.54,+36.261,+13.854,+0.938
1691402460,+3.54,+36.424,+14.024,+0.937
1691403060,+3.54,+36.451,+13.726,+0.934
1691403660,+3.53,+36.487,+13.993,+0.938
1691404260,+3.53,+36.487,+13.367,+0.935
1691404860,+3.54,+36.478,+14.077,+0.938
