7450-244206
OS REV: 1.05 Sensor Cal: 1652983681
Time (sec),  BV (Volts),  T (deg C),  DO (mg/l),  Q ()
1690187460,+3.51,+22.477, +8.362,+0.952
1690188060,+3.50,+23.155, +8.222,+0.951
1690188660,+3.51,+24.387, +8.047,+0.950
1690189260,+3.50,+25.328, +7.934,+0.951
1690189860,+3.50,+26.197, +7.812,+0.951
1690190460,+3.50,+26.993, +7.722,+0.951
1690191060,+3.50,+27.784, +7.616,+0.951
1690191660,+3.50,+28.484, +7.545,+0.952
1690192260,+3.50,+29.075, +7.481,+0.952
1690192860,+3.50,+29.523, +7.440,+0.952
1690193460,+3.50,+29.136, +7.510,+0.954
1690194060,+3.50,+28.382, +7.619,+0.955
1690194660,+3.50,+27.503, +7.740,+0.956
1690195260,+3.51,+26.654, +7.841,+0.956
1690195860,+3.51,+25.876, +7.935,+0.955
1690196460,+3.51,+25.152, +8.044,+0.956
1690197060,+3.51,+24.513, +8.125,+0.955
1690197660,+3.51,+23.950, +8.191,+0.955
1690198260,+3.51,+23.414, +8.271,+0.955
1690198860,+3.51,+22.979, +8.331,+0.955
1690199460,+3.52,+22.586, +8.375,+0.954
1690200060,+3.52,+22.234, +8.427,+0.954
1690200660,+3.51,+21.933, +8.464,+0.954
1690201260,+3.52,+21.674, +8.513,+0.954
1690201860,+3.52,+21.415, +8.546,+0.954
1690202460,+3.52,+21.214, +8.581,+0.954
1690203060,+3.51,+21.022, +8.603,+0.954
1690203660,+3.51,+20.855, +8.627,+0.954
1690204260,+3.52,+20.712, +8.643,+0.953
1690204860,+3.52,+20.579, +8.661,+0.953
1690205460,+3.52,+20.453, +8.682,+0.953
1690206060,+3.52,+20.311, +8.704,+0.953
1690206660,+3.52,+20.194, +8.717,+0.953
1690207260,+3.52,+20.135, +8.728,+0.953
1690207860,+3.52,+20.035, +8.749,+0.954
1690208460,+3.51,+19.959, +8.747,+0.953
1690209060,+3.52,+19.892, +8.759,+0.953
1690209660,+3.52,+19.817, +8.788,+0.954
1690210260,+3.52,+19.741, +8.793,+0.953
1690210860,+3.52,+19.666, +8.797,+0.953
1690211460,+3.52,+19.666, +8.788,+0.953
1690212060,+3.52,+19.641, +8.795,+0.954
1690212660,+3.52,+19.641, +8.798,+0.954
1690213260,+3.52,+19.632, +8.797,+0.953
1690213860,+3.52,+19.565, +8.809,+0.953
1690214460,+3.52,+19.507, +8.815,+0.953
1690215060,+3.52,+19.381, +8.832,+0.953
1690215660,+3.52,+19.272, +8.860,+0.954
1690216260,+3.52,+19.196, +8.871,+0.954
1690216860,+3.52,+19.112, +8.885,+0.954
1690217460,+3.52,+19.037, +8.884,+0.953
1690218060,+3.52,+18.995, +8.902,+0.953
1690218660,+3.52,+18.970, +8.895,+0.952
1690219260,+3.52,+18.953, +8.921,+0.954
1690219860,+3.52,+18.961, +8.912,+0.953
1690220460,+3.52,+18.953, +8.912,+0.953
1690221060,+3.52,+18.970, +8.898,+0.953
1690221660,+3.52,+18.978, +8.915,+0.954
1690222260,+3.52,+18.978, +8.906,+0.953
1690222860,+3.52,+18.995, +8.898,+0.953
1690223460,+3.52,+18.995, +8.904,+0.953
1690224060,+3.52,+18.970, +8.903,+0.953
1690224660,+3.52,+18.978, +8.899,+0.953
1690225260,+3.52,+18.987, +8.907,+0.953
1690225860,+3.52,+18.970, +8.906,+0.953
1690226460,+3.52,+18.970, +8.910,+0.953
1690227060,+3.52,+18.953, +8.908,+0.953
1690227660,+3.52,+18.987, +8.906,+0.953
1690228260,+3.52,+18.978, +8.906,+0.953
1690228860,+3.52,+18.970, +8.903,+0.953
1690229460,+3.51,+18.961, +8.911,+0.953
1690230060,+3.52,+18.978, +8.900,+0.953
1690230660,+3.52,+18.978, +8.905,+0.953
1690231260,+3.52,+18.970, +8.896,+0.953
1690231860,+3.52,+18.970, +8.900,+0.953
1690232460,+3.52,+18.953, +8.905,+0.953
1690233060,+3.51,+18.961, +8.896,+0.952
1690233660,+3.51,+18.978, +8.890,+0.953
1690234260,+3.52,+18.995, +8.886,+0.953
1690234860,+3.51,+18.970, +8.905,+0.954
1690235460,+3.51,+18.970, +8.905,+0.953
1690236060,+3.51,+18.987, +8.903,+0.953
1690236660,+3.51,+18.987, +8.891,+0.953
1690237260,+3.52,+18.987, +8.894,+0.953
1690237860,+3.52,+18.987, +8.887,+0.953
1690238460,+3.52,+18.978, +8.887,+0.952
1690239060,+3.52,+18.970, +8.893,+0.953
1690239660,+3.51,+18.961, +8.894,+0.953
1690240260,+3.52,+18.978, +8.888,+0.953
1690240860,+3.52,+18.970, +8.888,+0.953
1690241460,+3.51,+18.936, +8.897,+0.953
1690242060,+3.51,+18.936, +8.901,+0.953
1690242660,+3.51,+18.953, +8.891,+0.953
1690243260,+3.51,+18.953, +8.892,+0.953
1690243860,+3.51,+18.953, +8.892,+0.953
1690244460,+3.51,+18.945, +8.895,+0.953
1690245060,+3.52,+18.970, +8.887,+0.953
1690245660,+3.51,+18.961, +8.892,+0.953
1690246260,+3.51,+18.970, +8.899,+0.953
1690246860,+3.51,+18.953, +8.904,+0.953
1690247460,+3.51,+18.961, +8.902,+0.953
1690248060,+3.51,+18.936, +8.902,+0.953
1690248660,+3.51,+18.953, +8.901,+0.953
1690249260,+3.51,+18.928, +8.896,+0.952
1690249860,+3.51,+18.945, +8.902,+0.953
1690250460,+3.51,+18.945, +8.903,+0.953
1690251060,+3.51,+18.961, +8.893,+0.953
1690251660,+3.51,+18.945, +8.902,+0.953
1690252260,+3.51,+18.945, +8.911,+0.953
1690252860,+3.51,+18.911, +8.909,+0.953
1690253460,+3.51,+18.936, +8.914,+0.953
1690254060,+3.51,+18.936, +8.912,+0.953
1690254660,+3.51,+18.919, +8.915,+0.953
1690255260,+3.51,+18.928, +8.909,+0.953
1690255860,+3.51,+18.936, +8.907,+0.953
1690256460,+3.51,+18.936, +8.918,+0.953
1690257060,+3.51,+18.945, +8.909,+0.953
1690257660,+3.51,+18.911, +8.930,+0.954
1690258260,+3.51,+18.903, +8.932,+0.954
1690258860,+3.51,+18.936, +8.902,+0.953
1690259460,+3.51,+18.919, +8.912,+0.953
1690260060,+3.51,+18.928, +8.907,+0.953
1690260660,+3.51,+18.919, +8.916,+0.953
1690261260,+3.51,+18.945, +8.906,+0.953
1690261860,+3.51,+18.936, +8.907,+0.953
1690262460,+3.51,+18.919, +8.924,+0.953
1690263060,+3.51,+18.919, +8.911,+0.952
1690263660,+3.51,+18.928, +8.917,+0.953
1690264260,+3.52,+19.129, +8.888,+0.953
1690264860,+3.51,+19.825, +8.782,+0.953
1690265460,+3.51,+20.846, +8.603,+0.952
1690266060,+3.51,+22.192, +8.410,+0.953
1690266660,+3.50,+23.155, +8.282,+0.953
1690267260,+3.50,+24.244, +8.123,+0.953
1690267860,+3.51,+26.536, +7.791,+0.952
1690268460,+3.50,+30.023, +7.312,+0.952
1690269060,+3.50,+32.471, +7.027,+0.951
1690269660,+3.49,+34.018, +6.817,+0.946
1690270260,+3.49,+35.350, +6.659,+0.944
1690270860,+3.49,+36.460, +6.505,+0.939
1690271460,+3.49,+36.478, +6.499,+0.940
1690272060,+3.49,+36.478, +6.589,+0.940
1690272660,+3.49,+36.487, +7.564,+0.937
1690273260,+3.50,+34.678, +8.194,+0.946
1690273860,+3.51,+34.714, +8.305,+0.948
