7450-244206
OS REV: 1.05 Sensor Cal: 1652983681
Time (sec),  BV (Volts),  T (deg C),  DO (mg/l),  Q ()
1691231460,+3.53,+36.487,+12.754,+0.937
1691232060,+3.53,+36.487,+12.679,+0.938
1691232660,+3.53,+36.487,+12.922,+0.937
1691233260,+3.53,+36.487,+13.132,+0.937
1691233860,+3.53,+36.487,+12.928,+0.938
1691234460,+3.54,+36.487,+12.699,+0.939
1691235060,+3.54,+36.487,+13.110,+0.938
1691235660,+3.54,+36.478,+13.364,+0.940
1691236260,+3.54,+36.487,+13.237,+0.937
1691236860,+3.54,+36.487,+13.384,+0.939
1691237460,+3.54,+36.487,+13.931,+0.938
1691238060,+3.54,+36.478,+14.029,+0.943
1691238660,+3.54,+36.487,+13.792,+0.941
1691239260,+3.54,+36.487,+14.122,+0.941
1691239860,+3.54,+36.487,+14.243,+0.944
1691240460,+3.54,+36.487,+14.302,+0.945
1691241060,+3.54,+36.487,+14.615,+0.945
1691241660,+3.54,+36.487,+14.051,+0.945
1691242260,+3.54,+36.433,+13.599,+0.943
1691242860,+3.54,+36.234,+13.093,+0.945
1691243460,+3.54,+36.143,+13.072,+0.947
1691244060,+3.54,+36.089,+13.274,+0.945
1691244660,+3.54,+36.071,+13.017,+0.943
1691245260,+3.54,+36.008,+12.732,+0.944
1691245860,+3.54,+35.945,+12.549,+0.946
1691246460,+3.54,+35.800,+11.867,+0.948
1691247060,+3.55,+35.629,+11.682,+0.947
1691247660,+3.55,+35.440,+11.616,+0.951
1691248260,+3.54,+35.269,+11.111,+0.949
1691248860,+3.54,+35.099,+10.757,+0.949
1691249460,+3.54,+34.875,+10.391,+0.949
1691250060,+3.55,+34.705,+10.057,+0.950
1691250660,+3.55,+34.616, +9.678,+0.948
1691251260,+3.55,+34.482, +9.267,+0.947
1691251860,+3.55,+34.321, +9.242,+0.948
1691252460,+3.54,+34.107, +9.129,+0.949
1691253060,+3.54,+33.894, +8.904,+0.951
1691253660,+3.55,+33.645, +8.598,+0.949
1691254260,+3.55,+33.548, +8.567,+0.951
1691254860,+3.55,+33.539, +8.444,+0.950
1691255460,+3.55,+33.503, +8.110,+0.949
1691256060,+3.55,+33.388, +7.783,+0.949
1691256660,+3.55,+33.309, +7.578,+0.950
1691257260,+3.55,+33.291, +7.312,+0.948
1691257860,+3.55,+33.291, +7.158,+0.950
1691258460,+3.55,+33.309, +6.902,+0.948
1691259060,+3.55,+33.273, +6.661,+0.949
1691259660,+3.55,+33.220, +6.417,+0.948
1691260260,+3.55,+33.185, +6.205,+0.947
1691260860,+3.55,+33.203, +6.024,+0.947
1691261460,+3.55,+33.185, +5.880,+0.947
1691262060,+3.55,+33.176, +5.677,+0.946
1691262660,+3.55,+33.194, +5.514,+0.946
1691263260,+3.55,+33.194, +5.368,+0.945
1691263860,+3.55,+33.220, +5.218,+0.945
1691264460,+3.55,+33.300, +5.195,+0.946
1691265060,+3.55,+33.397, +5.093,+0.945
1691265660,+3.55,+33.362, +4.746,+0.942
1691266260,+3.55,+33.291, +4.493,+0.938
1691266860,+3.55,+33.291, +4.359,+0.934
1691267460,+3.55,+33.282, +4.033,+0.923
1691268060,+3.55,+33.273, +3.658,+0.908
1691268660,+3.55,+33.380, +3.341,+0.901
1691269260,+3.55,+33.424, +3.590,+0.899
1691269860,+3.55,+33.433, +3.428,+0.891
1691270460,+3.55,+33.468, +3.343,+0.882
1691271060,+3.55,+33.459, +3.172,+0.876
1691271660,+3.55,+33.495, +3.069,+0.872
1691272260,+3.55,+33.477, +3.076,+0.872
1691272860,+3.55,+33.530, +3.200,+0.873
1691273460,+3.55,+33.530, +3.204,+0.872
1691274060,+3.55,+33.433, +3.151,+0.872
1691274660,+3.55,+33.503, +3.325,+0.874
1691275260,+3.55,+33.521, +3.306,+0.876
1691275860,+3.55,+33.610, +3.642,+0.878
1691276460,+3.55,+33.486, +3.378,+0.876
1691277060,+3.55,+33.300, +3.312,+0.879
1691277660,+3.55,+33.309, +3.602,+0.880
1691278260,+3.55,+33.167, +3.283,+0.878
1691278860,+3.54,+32.867, +3.244,+0.884
1691279460,+3.55,+32.533, +2.852,+0.887
1691280060,+3.55,+32.330, +2.522,+0.887
1691280660,+3.55,+32.181, +2.462,+0.890
1691281260,+3.55,+32.006, +2.447,+0.890
1691281860,+3.55,+31.962, +2.301,+0.890
1691282460,+3.54,+31.848, +2.135,+0.891
1691283060,+3.54,+31.805, +2.078,+0.892
1691283660,+3.55,+31.665, +2.074,+0.894
1691284260,+3.55,+31.542, +1.962,+0.895
1691284860,+3.55,+31.473, +1.865,+0.894
1691285460,+3.55,+31.429, +1.819,+0.895
1691286060,+3.55,+31.351, +1.766,+0.897
1691286660,+3.55,+31.351, +1.630,+0.898
1691287260,+3.55,+31.351, +1.533,+0.899
1691287860,+3.55,+31.307, +1.631,+0.902
1691288460,+3.55,+31.263, +1.743,+0.905
1691289060,+3.55,+31.211, +1.672,+0.906
1691289660,+3.55,+31.194, +1.636,+0.909
1691290260,+3.55,+31.220, +1.565,+0.912
1691290860,+3.55,+31.237, +1.637,+0.917
1691291460,+3.55,+31.385, +2.000,+0.925
1691292060,+3.55,+31.473, +2.162,+0.935
1691292660,+3.55,+31.577, +2.502,+0.946
1691293260,+3.54,+31.708, +2.943,+0.955
1691293860,+3.54,+31.787, +3.460,+0.956
1691294460,+3.55,+31.988, +3.585,+0.945
1691295060,+3.55,+32.023, +2.625,+0.931
1691295660,+3.55,+32.322, +3.210,+0.942
1691296260,+3.54,+32.656, +3.856,+0.947
1691296860,+3.54,+32.867, +4.494,+0.951
1691297460,+3.54,+33.008, +4.976,+0.952
1691298060,+3.54,+33.150, +5.287,+0.953
1691298660,+3.55,+33.335, +5.833,+0.952
1691299260,+3.54,+33.530, +6.487,+0.950
1691299860,+3.54,+33.734, +7.047,+0.947
1691300460,+3.54,+33.849, +7.575,+0.945
1691301060,+3.54,+33.956, +7.961,+0.943
1691301660,+3.54,+34.009, +8.304,+0.943
1691302260,+3.54,+34.072, +8.543,+0.943
1691302860,+3.54,+34.152, +8.718,+0.941
1691303460,+3.54,+34.250, +8.898,+0.941
1691304060,+3.54,+34.268, +9.057,+0.942
1691304660,+3.54,+34.276, +9.080,+0.940
1691305260,+3.54,+34.268, +8.939,+0.941
1691305860,+3.54,+34.330, +9.204,+0.942
1691306460,+3.54,+34.437, +9.613,+0.942
1691307060,+3.54,+34.580,+10.026,+0.942
1691307660,+3.54,+34.660,+10.148,+0.944
1691308260,+3.54,+34.741,+10.218,+0.943
1691308860,+3.54,+34.857,+10.507,+0.946
1691309460,+3.54,+35.045,+11.097,+0.942
1691310060,+3.54,+35.207,+11.383,+0.943
1691310660,+3.54,+35.296,+11.656,+0.942
1691311260,+3.54,+35.377,+11.765,+0.943
1691311860,+3.54,+35.467,+11.635,+0.941
1691312460,+3.54,+35.611,+12.057,+0.941
1691313060,+3.54,+35.710,+11.974,+0.940
1691313660,+3.54,+35.773,+11.946,+0.940
1691314260,+3.54,+35.836,+11.565,+0.936
1691314860,+3.54,+35.827,+11.790,+0.938
1691315460,+3.54,+35.818,+11.892,+0.936
1691316060,+3.54,+35.854,+11.847,+0.936
1691316660,+3.54,+35.845,+11.806,+0.936
1691317260,+3.54,+35.872,+11.626,+0.936
1691317860,+3.54,+35.927,+11.665,+0.937
