7450-244206
OS REV: 1.05 Sensor Cal: 1652983681
Time (sec),  BV (Volts),  T (deg C),  DO (mg/l),  Q ()
1691057460,+3.54,+36.297, +9.471,+0.940
1691058060,+3.53,+36.415, +9.688,+0.939
1691058660,+3.53,+36.451, +9.577,+0.940
1691059260,+3.53,+36.487, +9.937,+0.940
1691059860,+3.53,+36.487,+10.435,+0.939
1691060460,+3.53,+36.487,+10.945,+0.942
1691061060,+3.53,+36.487,+11.113,+0.940
1691061660,+3.53,+36.478,+10.996,+0.941
1691062260,+3.54,+36.487,+10.615,+0.941
1691062860,+3.53,+36.487,+10.382,+0.944
1691063460,+3.54,+36.487,+10.355,+0.944
1691064060,+3.53,+36.487,+10.186,+0.943
1691064660,+3.54,+36.478, +9.943,+0.944
1691065260,+3.54,+36.487, +9.843,+0.945
1691065860,+3.54,+36.496, +9.725,+0.945
1691066460,+3.54,+36.487, +9.596,+0.944
1691067060,+3.54,+36.424, +9.666,+0.945
1691067660,+3.54,+36.288, +9.610,+0.946
1691068260,+3.54,+36.170, +9.681,+0.946
1691068860,+3.54,+36.026, +9.614,+0.947
1691069460,+3.54,+35.854, +9.454,+0.948
1691070060,+3.54,+35.800, +9.469,+0.947
1691070660,+3.54,+35.737, +9.491,+0.948
1691071260,+3.54,+35.584, +9.335,+0.949
1691071860,+3.54,+35.359, +9.228,+0.950
1691072460,+3.54,+35.198, +9.101,+0.950
1691073060,+3.54,+35.099, +9.106,+0.951
1691073660,+3.54,+35.045, +9.112,+0.951
1691074260,+3.54,+34.866, +9.061,+0.952
1691074860,+3.54,+34.660, +8.899,+0.952
1691075460,+3.55,+34.419, +8.680,+0.954
1691076060,+3.54,+34.250, +8.527,+0.954
1691076660,+3.54,+34.081, +8.415,+0.954
1691077260,+3.54,+34.009, +8.287,+0.955
1691077860,+3.54,+33.858, +8.115,+0.955
1691078460,+3.54,+33.761, +7.962,+0.956
1691079060,+3.55,+33.690, +7.772,+0.955
1691079660,+3.55,+33.628, +7.607,+0.955
1691080260,+3.55,+33.503, +7.409,+0.955
1691080860,+3.55,+33.459, +7.283,+0.955
1691081460,+3.55,+33.388, +7.128,+0.956
1691082060,+3.55,+33.371, +7.002,+0.955
1691082660,+3.55,+33.335, +6.878,+0.956
1691083260,+3.55,+33.318, +6.670,+0.955
1691083860,+3.55,+33.300, +6.442,+0.956
1691084460,+3.55,+33.264, +6.326,+0.955
1691085060,+3.55,+33.264, +6.228,+0.955
1691085660,+3.55,+33.238, +6.124,+0.955
1691086260,+3.55,+33.194, +6.055,+0.955
1691086860,+3.55,+33.176, +6.006,+0.955
1691087460,+3.55,+33.150, +5.911,+0.956
1691088060,+3.54,+33.114, +5.926,+0.955
1691088660,+3.54,+33.105, +5.863,+0.955
1691089260,+3.54,+33.061, +5.969,+0.956
1691089860,+3.54,+33.052, +6.001,+0.956
1691090460,+3.54,+33.035, +5.854,+0.956
1691091060,+3.54,+32.999, +5.867,+0.956
1691091660,+3.54,+32.964, +5.705,+0.955
1691092260,+3.54,+32.955, +5.643,+0.956
1691092860,+3.54,+33.035, +5.661,+0.956
1691093460,+3.54,+33.079, +5.897,+0.955
1691094060,+3.55,+33.150, +6.045,+0.956
1691094660,+3.55,+33.300, +5.974,+0.955
1691095260,+3.55,+33.326, +6.042,+0.956
1691095860,+3.55,+33.326, +5.899,+0.955
1691096460,+3.55,+33.291, +5.783,+0.955
1691097060,+3.55,+33.291, +5.731,+0.955
1691097660,+3.55,+33.309, +5.683,+0.955
1691098260,+3.55,+33.300, +5.689,+0.955
1691098860,+3.55,+33.264, +5.538,+0.955
1691099460,+3.55,+33.158, +5.356,+0.955
1691100060,+3.54,+33.079, +5.130,+0.954
1691100660,+3.54,+33.079, +5.329,+0.954
1691101260,+3.54,+33.052, +5.217,+0.955
1691101860,+3.54,+33.026, +5.182,+0.954
1691102460,+3.54,+33.026, +5.164,+0.955
1691103060,+3.54,+32.991, +5.206,+0.955
1691103660,+3.54,+32.902, +5.186,+0.956
1691104260,+3.54,+32.788, +5.125,+0.956
1691104860,+3.54,+32.761, +5.146,+0.956
1691105460,+3.54,+32.726, +5.169,+0.956
1691106060,+3.54,+32.726, +5.271,+0.956
1691106660,+3.55,+32.410, +4.564,+0.957
1691107260,+3.55,+32.225, +4.507,+0.957
1691107860,+3.55,+32.199, +4.419,+0.956
1691108460,+3.55,+32.085, +4.240,+0.957
1691109060,+3.54,+31.848, +3.992,+0.956
1691109660,+3.55,+31.525, +3.439,+0.957
1691110260,+3.55,+31.377, +3.370,+0.957
1691110860,+3.55,+31.255, +3.257,+0.957
1691111460,+3.55,+31.229, +3.051,+0.957
1691112060,+3.55,+31.220, +3.183,+0.957
1691112660,+3.55,+31.255, +3.204,+0.957
1691113260,+3.55,+31.307, +3.087,+0.957
1691113860,+3.55,+31.307, +3.040,+0.957
1691114460,+3.55,+31.368, +3.017,+0.957
1691115060,+3.55,+31.368, +2.970,+0.958
1691115660,+3.55,+31.368, +2.987,+0.958
1691116260,+3.55,+31.429, +3.004,+0.958
1691116860,+3.54,+31.630, +3.318,+0.958
1691117460,+3.54,+31.971, +3.545,+0.957
1691118060,+3.55,+32.287, +3.877,+0.957
1691118660,+3.55,+32.234, +3.772,+0.956
1691119260,+3.55,+32.260, +3.760,+0.957
1691119860,+3.55,+32.234, +3.790,+0.956
1691120460,+3.55,+32.251, +3.878,+0.957
1691121060,+3.55,+32.427, +4.073,+0.956
1691121660,+3.54,+32.506, +4.031,+0.956
1691122260,+3.55,+32.427, +4.096,+0.956
1691122860,+3.55,+32.453, +4.057,+0.956
1691123460,+3.54,+32.577, +4.378,+0.956
1691124060,+3.54,+32.717, +4.856,+0.956
1691124660,+3.54,+32.797, +5.026,+0.956
1691125260,+3.54,+32.902, +5.189,+0.955
1691125860,+3.54,+32.955, +5.061,+0.955
1691126460,+3.55,+33.185, +5.774,+0.955
1691127060,+3.54,+33.247, +5.918,+0.955
1691127660,+3.55,+33.326, +6.121,+0.955
1691128260,+3.54,+33.362, +6.113,+0.954
1691128860,+3.55,+33.326, +6.030,+0.955
1691129460,+3.54,+33.424, +6.166,+0.955
1691130060,+3.54,+33.441, +6.281,+0.954
1691130660,+3.54,+33.601, +6.370,+0.954
1691131260,+3.54,+33.752, +6.587,+0.954
1691131860,+3.54,+33.796, +6.508,+0.953
1691132460,+3.54,+33.725, +6.328,+0.954
1691133060,+3.54,+33.761, +6.504,+0.954
1691133660,+3.54,+34.063, +7.037,+0.954
1691134260,+3.54,+34.339, +7.267,+0.953
1691134860,+3.54,+34.508, +7.446,+0.951
1691135460,+3.54,+34.633, +7.677,+0.952
1691136060,+3.54,+34.669, +7.682,+0.953
1691136660,+3.54,+34.785, +7.833,+0.952
1691137260,+3.54,+34.848, +7.937,+0.951
1691137860,+3.54,+34.830, +8.039,+0.951
1691138460,+3.54,+34.857, +8.329,+0.951
1691139060,+3.54,+34.884, +8.453,+0.951
1691139660,+3.54,+35.009, +8.568,+0.951
1691140260,+3.54,+35.099, +9.031,+0.951
1691140860,+3.54,+35.215, +9.324,+0.951
1691141460,+3.54,+35.233, +9.503,+0.950
1691142060,+3.54,+35.269, +9.575,+0.950
1691142660,+3.54,+35.314, +9.868,+0.950
1691143260,+3.54,+35.386,+10.270,+0.951
1691143860,+3.54,+35.503,+10.533,+0.951
