7450-616834
OS REV: 1.05 Sensor Cal: 1677879726
Time (sec),  BV (Volts),  T (deg C),  DO (mg/l),  Q ()
1690709460,+3.55,+35.173, +8.366,+0.925
1690710060,+3.55,+35.066, +8.129,+0.925
1690710660,+3.55,+35.272, +8.462,+0.925
1690711260,+3.55,+35.388, +8.576,+0.924
1690711860,+3.55,+35.549, +9.180,+0.918
1690712460,+3.55,+35.738, +9.021,+0.924
1690713060,+3.55,+35.863, +9.037,+0.923
1690713660,+3.55,+35.845, +8.811,+0.922
1690714260,+3.55,+35.899, +9.162,+0.923
1690714860,+3.55,+36.016, +9.331,+0.922
1690715460,+3.55,+36.403,+10.044,+0.920
1690716060,+3.55,+36.467,+10.387,+0.921
1690716660,+3.55,+36.458,+11.017,+0.920
1690717260,+3.55,+36.458,+11.221,+0.920
1690717860,+3.55,+36.467,+11.328,+0.920
1690718460,+3.55,+36.467,+11.682,+0.920
1690719060,+3.55,+36.458,+11.341,+0.921
1690719660,+3.55,+36.467,+10.951,+0.920
1690720260,+3.55,+36.467,+10.553,+0.919
1690720860,+3.55,+36.485,+10.670,+0.920
1690721460,+3.55,+36.476,+10.536,+0.921
1690722060,+3.55,+36.467,+10.372,+0.920
1690722660,+3.55,+36.467,+10.046,+0.920
1690723260,+3.55,+36.449, +9.519,+0.920
1690723860,+3.55,+36.250, +9.349,+0.922
1690724460,+3.55,+36.034, +9.201,+0.922
1690725060,+3.55,+35.908, +9.154,+0.923
1690725660,+3.56,+35.711, +9.058,+0.925
1690726260,+3.55,+35.415, +8.876,+0.926
1690726860,+3.55,+35.209, +8.824,+0.925
1690727460,+3.55,+35.021, +8.706,+0.927
1690728060,+3.55,+34.896, +8.646,+0.927
1690728660,+3.56,+34.798, +8.547,+0.928
1690729260,+3.56,+34.638, +8.421,+0.928
1690729860,+3.56,+34.504, +8.296,+0.928
1690730460,+3.56,+34.273, +8.150,+0.929
1690731060,+3.55,+34.140, +7.997,+0.930
1690731660,+3.55,+34.096, +7.910,+0.929
1690732260,+3.55,+33.963, +7.964,+0.929
1690732860,+3.56,+33.856, +7.854,+0.930
1690733460,+3.56,+33.777, +7.738,+0.930
1690734060,+3.56,+33.732, +7.600,+0.930
1690734660,+3.56,+33.653, +7.783,+0.929
1690735260,+3.56,+33.591, +7.501,+0.931
1690735860,+3.56,+33.494, +7.586,+0.930
1690736460,+3.56,+33.467, +7.441,+0.929
1690737060,+3.56,+33.432, +7.328,+0.930
1690737660,+3.56,+33.379, +7.228,+0.931
1690738260,+3.56,+33.370, +7.092,+0.930
1690738860,+3.56,+33.352, +6.998,+0.930
1690739460,+3.56,+33.326, +6.920,+0.930
1690740060,+3.56,+33.308, +6.795,+0.931
1690740660,+3.56,+33.308, +6.646,+0.930
1690741260,+3.56,+33.361, +6.645,+0.931
1690741860,+3.56,+33.335, +6.501,+0.931
1690742460,+3.56,+33.335, +6.389,+0.930
1690743060,+3.56,+33.335, +6.285,+0.930
1690743660,+3.56,+33.388, +6.301,+0.930
1690744260,+3.56,+33.485, +6.313,+0.930
1690744860,+3.56,+33.732, +6.451,+0.929
1690745460,+3.56,+33.741, +6.408,+0.929
1690746060,+3.56,+33.582, +6.250,+0.929
1690746660,+3.56,+33.582, +6.246,+0.929
1690747260,+3.56,+33.688, +6.265,+0.930
1690747860,+3.55,+34.025, +6.339,+0.928
1690748460,+3.55,+34.193, +6.360,+0.928
1690749060,+3.55,+34.184, +6.327,+0.928
1690749660,+3.55,+34.211, +6.317,+0.928
1690750260,+3.55,+34.193, +6.339,+0.928
1690750860,+3.55,+34.122, +6.172,+0.928
1690751460,+3.55,+34.113, +5.937,+0.928
1690752060,+3.55,+33.971, +5.753,+0.928
1690752660,+3.55,+33.998, +5.775,+0.928
1690753260,+3.55,+33.918, +5.709,+0.927
1690753860,+3.55,+33.892, +5.694,+0.928
1690754460,+3.55,+33.883, +5.475,+0.928
1690755060,+3.55,+33.874, +5.397,+0.928
1690755660,+3.55,+33.830, +5.460,+0.929
1690756260,+3.56,+33.750, +5.510,+0.929
1690756860,+3.56,+33.626, +5.552,+0.929
1690757460,+3.56,+33.635, +5.589,+0.929
1690758060,+3.56,+33.653, +5.947,+0.929
1690758660,+3.56,+33.679, +6.099,+0.930
1690759260,+3.56,+33.626, +6.328,+0.929
1690759860,+3.56,+33.114, +5.369,+0.929
1690760460,+3.55,+32.806, +5.037,+0.930
1690761060,+3.56,+32.429, +4.700,+0.930
1690761660,+3.56,+32.140, +3.792,+0.930
1690762260,+3.56,+31.799, +2.918,+0.930
1690762860,+3.56,+31.355, +2.693,+0.932
1690763460,+3.56,+31.250, +2.845,+0.933
1690764060,+3.56,+31.216, +2.897,+0.933
1690764660,+3.56,+31.259, +2.875,+0.933
1690765260,+3.56,+31.459, +3.172,+0.933
1690765860,+3.56,+31.660, +3.445,+0.932
1690766460,+3.55,+31.808, +3.603,+0.932
1690767060,+3.55,+31.939, +3.731,+0.932
1690767660,+3.56,+32.035, +3.860,+0.931
1690768260,+3.56,+32.018, +3.823,+0.931
1690768860,+3.56,+32.088, +4.025,+0.932
1690769460,+3.56,+32.210, +4.205,+0.932
1690770060,+3.56,+32.254, +4.350,+0.931
1690770660,+3.56,+32.306, +4.240,+0.931
1690771260,+3.56,+32.429, +4.378,+0.931
1690771860,+3.55,+32.622, +4.696,+0.931
1690772460,+3.55,+32.780, +4.793,+0.930
1690773060,+3.55,+32.842, +4.861,+0.930
1690773660,+3.55,+32.842, +4.794,+0.930
1690774260,+3.55,+32.648, +4.346,+0.930
1690774860,+3.55,+32.622, +4.382,+0.931
1690775460,+3.55,+32.675, +4.517,+0.930
1690776060,+3.55,+32.745, +4.690,+0.931
1690776660,+3.55,+32.833, +4.828,+0.930
1690777260,+3.55,+32.903, +5.015,+0.930
1690777860,+3.55,+32.991, +5.257,+0.930
1690778460,+3.55,+33.044, +5.469,+0.930
1690779060,+3.56,+33.167, +5.770,+0.930
1690779660,+3.56,+33.211, +5.820,+0.930
1690780260,+3.56,+33.326, +5.987,+0.929
1690780860,+3.56,+33.511, +6.515,+0.930
1690781460,+3.55,+33.670, +6.816,+0.929
1690782060,+3.55,+33.715, +6.860,+0.929
1690782660,+3.55,+33.777, +6.905,+0.929
1690783260,+3.55,+33.794, +6.912,+0.925
1690783860,+3.55,+33.777, +6.858,+0.927
1690784460,+3.55,+33.901, +7.330,+0.928
1690785060,+3.55,+33.963, +7.568,+0.929
1690785660,+3.55,+34.113, +7.771,+0.928
1690786260,+3.55,+34.229, +8.186,+0.928
1690786860,+3.55,+34.353, +8.725,+0.928
1690787460,+3.55,+34.424, +9.154,+0.927
1690788060,+3.55,+34.567, +8.875,+0.928
1690788660,+3.55,+34.718, +9.613,+0.929
1690789260,+3.55,+34.843, +9.772,+0.927
1690789860,+3.55,+34.923, +8.979,+0.926
1690790460,+3.55,+35.218, +9.387,+0.926
1690791060,+3.55,+35.406,+10.281,+0.924
1690791660,+3.55,+35.576, +9.894,+0.922
1690792260,+3.55,+35.720,+10.148,+0.924
1690792860,+3.55,+35.845,+10.358,+0.923
1690793460,+3.55,+36.007,+10.752,+0.921
1690794060,+3.55,+36.178,+10.937,+0.921
1690794660,+3.55,+36.295,+11.138,+0.921
1690795260,+3.55,+36.223,+10.385,+0.922
1690795860,+3.55,+36.169,+10.038,+0.922
