7450-449637
OS REV: 1.05 Sensor Cal: 1652986313
Time (sec),  BV (Volts),  T (deg C),  DO (mg/l),  Q ()
1690187460,+3.49,+22.053, +8.302,+0.898
1690188060,+3.50,+22.421, +8.263,+0.898
1690188660,+3.50,+23.308, +8.141,+0.899
1690189260,+3.49,+24.013, +8.044,+0.898
1690189860,+3.50,+24.651, +7.960,+0.899
1690190460,+3.49,+25.223, +7.884,+0.899
1690191060,+3.49,+25.704, +7.827,+0.899
1690191660,+3.49,+26.185, +7.767,+0.899
1690192260,+3.49,+27.100, +7.638,+0.898
1690192860,+3.49,+27.985, +7.551,+0.898
1690193460,+3.49,+27.729, +7.576,+0.899
1690194060,+3.49,+26.973, +7.656,+0.899
1690194660,+3.49,+26.312, +7.739,+0.899
1690195260,+3.50,+25.619, +7.811,+0.899
1690195860,+3.50,+25.046, +7.897,+0.899
1690196460,+3.50,+24.533, +7.967,+0.900
1690197060,+3.50,+24.071, +8.030,+0.899
1690197660,+3.50,+23.652, +8.094,+0.900
1690198260,+3.50,+23.258, +8.140,+0.899
1690198860,+3.50,+22.923, +8.189,+0.899
1690199460,+3.50,+22.597, +8.241,+0.900
1690200060,+3.50,+22.362, +8.274,+0.900
1690200660,+3.50,+22.044, +8.315,+0.899
1690201260,+3.50,+21.844, +8.355,+0.900
1690201860,+3.50,+21.593, +8.381,+0.899
1690202460,+3.50,+21.409, +8.416,+0.900
1690203060,+3.51,+21.208, +8.447,+0.900
1690203660,+3.50,+21.049, +8.465,+0.899
1690204260,+3.50,+20.907, +8.483,+0.899
1690204860,+3.50,+20.781, +8.501,+0.900
1690205460,+3.50,+20.614, +8.538,+0.900
1690206060,+3.51,+20.471, +8.543,+0.899
1690206660,+3.51,+20.346, +8.570,+0.899
1690207260,+3.51,+20.254, +8.587,+0.899
1690207860,+3.51,+20.153, +8.615,+0.900
1690208460,+3.51,+20.078, +8.615,+0.899
1690209060,+3.50,+19.986, +8.637,+0.900
1690209660,+3.50,+19.935, +8.640,+0.899
1690210260,+3.50,+19.877, +8.649,+0.899
1690210860,+3.50,+19.827, +8.661,+0.900
1690211460,+3.50,+19.835, +8.653,+0.899
1690212060,+3.50,+19.810, +8.661,+0.900
1690212660,+3.50,+19.793, +8.657,+0.899
1690213260,+3.50,+19.776, +8.665,+0.899
1690213860,+3.50,+19.726, +8.670,+0.899
1690214460,+3.50,+19.609, +8.688,+0.899
1690215060,+3.51,+19.500, +8.711,+0.900
1690215660,+3.51,+19.349, +8.726,+0.899
1690216260,+3.51,+19.281, +8.743,+0.900
1690216860,+3.51,+19.172, +8.760,+0.899
1690217460,+3.51,+19.097, +8.777,+0.900
1690218060,+3.51,+19.072, +8.776,+0.899
1690218660,+3.51,+19.038, +8.784,+0.899
1690219260,+3.51,+19.046, +8.784,+0.899
1690219860,+3.51,+19.038, +8.788,+0.899
1690220460,+3.51,+19.046, +8.788,+0.899
1690221060,+3.51,+19.030, +8.792,+0.899
1690221660,+3.51,+19.046, +8.787,+0.899
1690222260,+3.51,+19.038, +8.791,+0.900
1690222860,+3.51,+19.038, +8.789,+0.900
1690223460,+3.51,+19.072, +8.780,+0.900
1690224060,+3.51,+19.063, +8.776,+0.899
1690224660,+3.51,+19.055, +8.788,+0.899
1690225260,+3.51,+19.055, +8.788,+0.900
1690225860,+3.51,+19.055, +8.778,+0.899
1690226460,+3.51,+19.063, +8.773,+0.899
1690227060,+3.51,+19.063, +8.785,+0.900
1690227660,+3.51,+19.063, +8.779,+0.899
1690228260,+3.51,+19.063, +8.779,+0.899
1690228860,+3.51,+19.080, +8.784,+0.900
1690229460,+3.51,+19.072, +8.778,+0.899
1690230060,+3.51,+19.072, +8.776,+0.899
1690230660,+3.51,+19.088, +8.770,+0.899
1690231260,+3.51,+19.072, +8.781,+0.899
1690231860,+3.51,+19.088, +8.766,+0.899
1690232460,+3.51,+19.088, +8.770,+0.899
1690233060,+3.51,+19.080, +8.773,+0.899
1690233660,+3.51,+19.080, +8.770,+0.899
1690234260,+3.51,+19.097, +8.759,+0.899
1690234860,+3.51,+19.105, +8.766,+0.899
1690235460,+3.51,+19.105, +8.763,+0.899
1690236060,+3.51,+19.088, +8.771,+0.899
1690236660,+3.50,+19.105, +8.764,+0.899
1690237260,+3.51,+19.114, +8.759,+0.899
1690237860,+3.51,+19.105, +8.765,+0.899
1690238460,+3.51,+19.122, +8.754,+0.899
1690239060,+3.51,+19.088, +8.762,+0.899
1690239660,+3.51,+19.105, +8.763,+0.899
1690240260,+3.50,+19.080, +8.767,+0.899
1690240860,+3.51,+19.105, +8.759,+0.899
1690241460,+3.50,+19.097, +8.756,+0.899
1690242060,+3.51,+19.097, +8.773,+0.900
1690242660,+3.51,+19.080, +8.766,+0.899
1690243260,+3.51,+19.097, +8.764,+0.899
1690243860,+3.50,+19.097, +8.759,+0.899
1690244460,+3.50,+19.088, +8.769,+0.899
1690245060,+3.50,+19.088, +8.769,+0.899
1690245660,+3.50,+19.097, +8.769,+0.899
1690246260,+3.50,+19.114, +8.758,+0.899
1690246860,+3.50,+19.088, +8.766,+0.899
1690247460,+3.50,+19.097, +8.767,+0.899
1690248060,+3.50,+19.088, +8.768,+0.899
1690248660,+3.50,+19.088, +8.775,+0.900
1690249260,+3.50,+19.080, +8.779,+0.900
1690249860,+3.50,+19.088, +8.776,+0.899
1690250460,+3.50,+19.088, +8.773,+0.900
1690251060,+3.50,+19.105, +8.767,+0.899
1690251660,+3.50,+19.080, +8.765,+0.899
1690252260,+3.50,+19.088, +8.776,+0.899
1690252860,+3.50,+19.088, +8.766,+0.899
1690253460,+3.50,+19.080, +8.777,+0.899
1690254060,+3.50,+19.097, +8.772,+0.899
1690254660,+3.50,+19.088, +8.773,+0.899
1690255260,+3.50,+19.097, +8.766,+0.899
1690255860,+3.50,+19.080, +8.781,+0.899
1690256460,+3.50,+19.097, +8.771,+0.899
1690257060,+3.50,+19.080, +8.782,+0.900
1690257660,+3.50,+19.072, +8.782,+0.899
1690258260,+3.50,+19.088, +8.780,+0.900
1690258860,+3.50,+19.088, +8.772,+0.899
1690259460,+3.50,+19.105, +8.767,+0.899
1690260060,+3.50,+19.072, +8.777,+0.899
1690260660,+3.50,+19.080, +8.777,+0.899
1690261260,+3.50,+19.072, +8.779,+0.899
1690261860,+3.50,+19.088, +8.778,+0.899
1690262460,+3.50,+19.088, +8.777,+0.899
1690263060,+3.50,+19.080, +8.782,+0.899
1690263660,+3.50,+19.055, +8.787,+0.899
1690264260,+3.50,+19.332, +8.741,+0.899
1690264860,+3.50,+20.237, +8.588,+0.899
1690265460,+3.50,+21.317, +8.432,+0.899
1690266060,+3.50,+22.488, +8.261,+0.899
1690266660,+3.50,+23.610, +8.095,+0.899
1690267260,+3.50,+25.535, +7.866,+0.899
1690267860,+3.49,+28.275, +7.523,+0.898
1690268460,+3.49,+30.538, +7.241,+0.897
1690269060,+3.48,+32.597, +6.977,+0.895
1690269660,+3.48,+34.082, +6.784,+0.892
1690270260,+3.48,+35.250, +6.607,+0.888
1690270860,+3.48,+36.330, +6.421,+0.883
1690271460,+3.48,+36.456, +6.382,+0.884
1690272060,+3.48,+36.438, +6.433,+0.886
1690272660,+3.49,+34.527, +7.955,+0.894
1690273260,+3.49,+34.473, +8.199,+0.896
1690273860,+3.49,+34.598, +8.283,+0.896
