7450-449637
OS REV: 1.05 Sensor Cal: 1652986313
Time (sec),  BV (Volts),  T (deg C),  DO (mg/l),  Q ()
1690970460,+3.53,+36.357, +9.816,+0.899
1690971060,+3.53,+36.429,+10.049,+0.898
1690971660,+3.53,+36.447,+10.377,+0.900
1690972260,+3.53,+36.447,+10.610,+0.900
1690972860,+3.53,+36.438,+10.704,+0.899
1690973460,+3.53,+36.456,+10.784,+0.900
1690974060,+3.53,+36.447,+10.521,+0.900
1690974660,+3.53,+36.447,+10.457,+0.900
1690975260,+3.53,+36.447,+10.208,+0.899
1690975860,+3.53,+36.438,+10.114,+0.899
1690976460,+3.53,+36.447, +9.968,+0.899
1690977060,+3.53,+36.447,+10.042,+0.899
1690977660,+3.53,+36.456,+10.002,+0.899
1690978260,+3.53,+36.447, +9.978,+0.899
1690978860,+3.53,+36.420, +9.908,+0.900
1690979460,+3.53,+36.348, +9.764,+0.898
1690980060,+3.53,+36.239, +9.686,+0.900
1690980660,+3.53,+36.140, +9.625,+0.900
1690981260,+3.53,+36.041, +9.550,+0.900
1690981860,+3.53,+35.942, +9.479,+0.901
1690982460,+3.53,+35.879, +9.470,+0.901
1690983060,+3.54,+35.807, +9.480,+0.902
1690983660,+3.54,+35.771, +9.458,+0.902
1690984260,+3.54,+35.735, +9.457,+0.901
1690984860,+3.54,+35.636, +9.411,+0.902
1690985460,+3.54,+35.492, +9.274,+0.903
1690986060,+3.53,+35.340, +9.131,+0.903
1690986660,+3.53,+35.188, +9.017,+0.904
1690987260,+3.53,+35.098, +8.928,+0.905
1690987860,+3.54,+34.937, +8.752,+0.905
1690988460,+3.54,+34.785, +8.609,+0.906
1690989060,+3.54,+34.642, +8.495,+0.906
1690989660,+3.54,+34.500, +8.327,+0.907
1690990260,+3.54,+34.420, +8.236,+0.907
1690990860,+3.54,+34.286, +8.123,+0.908
1690991460,+3.53,+34.135, +7.917,+0.907
1690992060,+3.53,+34.011, +7.783,+0.908
1690992660,+3.53,+33.922, +7.655,+0.909
1690993260,+3.54,+33.771, +7.436,+0.909
1690993860,+3.54,+33.718, +7.225,+0.909
1690994460,+3.54,+33.656, +7.136,+0.909
1690995060,+3.54,+33.603, +7.059,+0.908
1690995660,+3.54,+33.567, +6.837,+0.909
1690996260,+3.54,+33.559, +6.784,+0.909
1690996860,+3.54,+33.505, +6.531,+0.909
1690997460,+3.54,+33.452, +6.199,+0.909
1690998060,+3.54,+33.461, +6.052,+0.908
1690998660,+3.54,+33.479, +6.026,+0.909
1690999260,+3.54,+33.523, +6.007,+0.908
1690999860,+3.54,+33.479, +5.888,+0.908
1691000460,+3.54,+33.444, +5.678,+0.908
1691001060,+3.54,+33.452, +5.626,+0.908
1691001660,+3.54,+33.426, +5.657,+0.909
1691002260,+3.54,+33.435, +5.654,+0.908
1691002860,+3.54,+33.426, +5.657,+0.908
1691003460,+3.54,+33.408, +5.621,+0.908
1691004060,+3.54,+33.408, +5.662,+0.909
1691004660,+3.54,+33.426, +5.628,+0.909
1691005260,+3.54,+33.399, +5.481,+0.908
1691005860,+3.54,+33.399, +5.353,+0.908
1691006460,+3.54,+33.408, +5.237,+0.908
1691007060,+3.54,+33.390, +5.232,+0.908
1691007660,+3.54,+33.417, +5.592,+0.908
1691008260,+3.54,+33.444, +5.887,+0.908
1691008860,+3.54,+33.293, +5.717,+0.909
1691009460,+3.54,+33.205, +5.788,+0.908
1691010060,+3.54,+33.099, +5.654,+0.909
1691010660,+3.53,+33.011, +5.507,+0.909
1691011260,+3.53,+33.002, +5.591,+0.909
1691011860,+3.53,+32.905, +5.166,+0.909
1691012460,+3.54,+32.738, +4.752,+0.909
1691013060,+3.54,+32.641, +4.441,+0.909
1691013660,+3.54,+32.597, +4.238,+0.909
1691014260,+3.54,+32.668, +4.854,+0.910
1691014860,+3.54,+32.650, +5.298,+0.910
1691015460,+3.54,+32.553, +4.590,+0.910
1691016060,+3.54,+32.448, +4.614,+0.910
1691016660,+3.54,+32.360, +4.176,+0.910
1691017260,+3.54,+32.343, +4.191,+0.910
1691017860,+3.54,+32.246, +4.147,+0.911
1691018460,+3.54,+32.185, +3.914,+0.910
1691019060,+3.54,+32.097, +3.805,+0.910
1691019660,+3.54,+32.027, +3.649,+0.910
1691020260,+3.54,+31.940, +3.327,+0.910
1691020860,+3.53,+31.870, +3.418,+0.910
1691021460,+3.54,+31.756, +3.117,+0.911
1691022060,+3.54,+31.704, +3.001,+0.911
1691022660,+3.54,+31.608, +2.833,+0.911
1691023260,+3.54,+31.529, +2.652,+0.911
1691023860,+3.54,+31.468, +2.483,+0.910
1691024460,+3.54,+31.407, +2.504,+0.911
1691025060,+3.54,+31.363, +2.482,+0.911
1691025660,+3.54,+31.320, +2.388,+0.911
1691026260,+3.54,+31.276, +2.336,+0.911
1691026860,+3.54,+31.241, +2.210,+0.911
1691027460,+3.54,+31.241, +2.114,+0.911
1691028060,+3.54,+31.259, +1.971,+0.911
1691028660,+3.54,+31.268, +1.923,+0.911
1691029260,+3.54,+31.285, +1.752,+0.911
1691029860,+3.54,+31.355, +1.842,+0.910
1691030460,+3.54,+31.424, +1.925,+0.910
1691031060,+3.53,+31.835, +2.949,+0.910
1691031660,+3.54,+32.106, +3.429,+0.911
1691032260,+3.53,+31.835, +2.467,+0.910
1691032860,+3.53,+31.835, +2.408,+0.910
1691033460,+3.53,+31.878, +2.606,+0.911
1691034060,+3.53,+31.870, +2.640,+0.911
1691034660,+3.53,+31.896, +2.610,+0.910
1691035260,+3.53,+31.983, +2.602,+0.910
1691035860,+3.54,+32.176, +2.938,+0.910
1691036460,+3.54,+31.992, +2.593,+0.910
1691037060,+3.53,+31.983, +2.495,+0.910
1691037660,+3.54,+32.018, +2.683,+0.910
1691038260,+3.54,+32.071, +3.411,+0.910
1691038860,+3.54,+32.176, +3.772,+0.910
1691039460,+3.54,+32.255, +3.869,+0.910
1691040060,+3.54,+32.386, +4.101,+0.910
1691040660,+3.53,+32.518, +4.282,+0.909
1691041260,+3.53,+32.668, +4.648,+0.909
1691041860,+3.53,+32.773, +4.917,+0.908
1691042460,+3.53,+32.888, +5.158,+0.908
1691043060,+3.53,+32.949, +5.217,+0.908
1691043660,+3.53,+33.011, +5.336,+0.907
1691044260,+3.53,+33.161, +5.710,+0.908
1691044860,+3.53,+33.302, +5.859,+0.907
1691045460,+3.53,+33.346, +5.808,+0.908
1691046060,+3.53,+33.408, +5.890,+0.907
1691046660,+3.53,+33.576, +6.155,+0.907
1691047260,+3.53,+33.736, +6.315,+0.906
1691047860,+3.53,+33.682, +6.011,+0.906
1691048460,+3.53,+33.691, +5.919,+0.905
1691049060,+3.53,+33.718, +5.943,+0.906
1691049660,+3.53,+33.860, +6.100,+0.906
1691050260,+3.53,+34.011, +6.279,+0.904
1691050860,+3.53,+34.411, +7.162,+0.905
1691051460,+3.53,+34.803, +7.926,+0.904
1691052060,+3.53,+35.071, +8.379,+0.903
1691052660,+3.53,+35.241, +8.423,+0.902
1691053260,+3.53,+35.331, +8.327,+0.902
1691053860,+3.53,+35.456, +8.565,+0.902
1691054460,+3.53,+35.663, +8.757,+0.901
1691055060,+3.53,+35.807, +8.889,+0.900
1691055660,+3.53,+35.870, +8.942,+0.900
1691056260,+3.53,+36.032, +9.147,+0.900
1691056860,+3.53,+36.122, +9.146,+0.899
