7450-925764
OS REV: 1.05 Sensor Cal: 1657225118
Time (sec),  BV (Volts),  T (deg C),  DO (mg/l),  Q ()
1691405460,+3.54,+36.461,+15.888,+0.949
1691406060,+3.54,+36.461,+16.512,+0.947
1691406660,+3.54,+36.452,+16.648,+0.950
1691407260,+3.54,+36.443,+16.653,+0.953
1691407860,+3.54,+36.452,+16.639,+0.952
1691408460,+3.54,+36.452,+16.620,+0.948
1691409060,+3.54,+36.443,+16.173,+0.951
1691409660,+3.54,+36.443,+15.929,+0.951
1691410260,+3.54,+36.443,+15.372,+0.954
1691410860,+3.54,+36.443,+14.841,+0.954
1691411460,+3.54,+36.443,+14.645,+0.957
1691412060,+3.54,+36.452,+14.197,+0.956
1691412660,+3.54,+36.461,+13.692,+0.958
1691413260,+3.54,+36.443,+13.785,+0.959
1691413860,+3.54,+36.461,+14.020,+0.960
1691414460,+3.54,+36.452,+13.978,+0.959
1691415060,+3.54,+36.416,+13.729,+0.962
1691415660,+3.54,+36.353,+13.615,+0.961
1691416260,+3.55,+36.063,+12.751,+0.963
1691416860,+3.55,+35.766,+12.650,+0.967
1691417460,+3.55,+35.541,+12.333,+0.969
1691418060,+3.55,+35.388,+12.102,+0.969
1691418660,+3.55,+35.226,+11.796,+0.972
1691419260,+3.55,+35.056,+11.290,+0.974
1691419860,+3.55,+34.949,+10.840,+0.974
1691420460,+3.55,+34.788,+10.408,+0.974
1691421060,+3.55,+34.716,+10.131,+0.977
1691421660,+3.55,+34.564, +9.853,+0.977
1691422260,+3.55,+34.359, +9.414,+0.976
1691422860,+3.55,+34.127, +8.912,+0.978
1691423460,+3.55,+33.923, +8.368,+0.978
1691424060,+3.55,+33.754, +7.941,+0.980
1691424660,+3.55,+33.568, +7.519,+0.980
1691425260,+3.55,+33.409, +7.155,+0.980
1691425860,+3.55,+33.267, +6.858,+0.981
1691426460,+3.55,+33.311, +6.607,+0.980
1691427060,+3.55,+33.417, +6.368,+0.981
1691427660,+3.55,+33.311, +6.111,+0.980
1691428260,+3.55,+33.214, +5.892,+0.981
1691428860,+3.55,+33.205, +5.731,+0.981
1691429460,+3.55,+33.214, +5.560,+0.981
1691430060,+3.55,+33.258, +5.405,+0.981
1691430660,+3.55,+33.241, +5.283,+0.980
1691431260,+3.55,+33.161, +5.043,+0.981
1691431860,+3.55,+32.694, +4.881,+0.981
1691432460,+3.55,+32.465, +4.694,+0.981
1691433060,+3.55,+32.412, +4.487,+0.981
1691433660,+3.55,+32.395, +4.327,+0.981
1691434260,+3.55,+32.456, +4.170,+0.980
1691434860,+3.55,+32.535, +4.040,+0.980
1691435460,+3.55,+32.597, +3.971,+0.981
1691436060,+3.55,+32.676, +3.847,+0.980
1691436660,+3.55,+32.764, +3.753,+0.979
1691437260,+3.55,+32.817, +3.589,+0.978
1691437860,+3.55,+32.887, +3.426,+0.977
1691438460,+3.55,+32.993, +3.248,+0.973
1691439060,+3.55,+33.046, +2.883,+0.964
1691439660,+3.55,+33.037, +2.220,+0.950
1691440260,+3.55,+33.143, +3.001,+0.950
1691440860,+3.55,+33.126, +2.620,+0.937
1691441460,+3.55,+33.152, +2.305,+0.922
1691442060,+3.55,+33.267, +2.177,+0.911
1691442660,+3.55,+33.267, +1.825,+0.909
1691443260,+3.55,+33.241, +1.600,+0.904
1691443860,+3.55,+33.223, +1.494,+0.905
1691444460,+3.55,+33.090, +1.475,+0.901
1691445060,+3.55,+33.126, +1.314,+0.906
1691445660,+3.55,+33.099, +1.080,+0.915
1691446260,+3.55,+33.179, +1.002,+0.915
1691446860,+3.55,+33.082, +0.921,+0.923
1691447460,+3.55,+33.090, +0.841,+0.927
1691448060,+3.55,+33.037, +0.792,+0.929
1691448660,+3.55,+33.020, +0.857,+0.922
1691449260,+3.55,+33.064, +0.815,+0.918
1691449860,+3.55,+33.152, +0.936,+0.904
1691450460,+3.55,+33.188, +1.337,+0.874
1691451060,+3.55,+33.055, +1.480,+0.875
1691451660,+3.55,+32.835, +1.450,+0.878
1691452260,+3.55,+32.632, +1.401,+0.886
1691452860,+3.55,+32.509, +1.348,+0.889
1691453460,+3.55,+32.430, +1.322,+0.897
1691454060,+3.55,+32.289, +1.312,+0.901
1691454660,+3.55,+32.140, +1.367,+0.901
1691455260,+3.55,+32.000, +1.239,+0.909
1691455860,+3.55,+31.746, +1.335,+0.909
1691456460,+3.55,+31.606, +1.324,+0.914
1691457060,+3.55,+31.528, +1.246,+0.917
1691457660,+3.55,+31.475, +1.233,+0.918
1691458260,+3.55,+31.449, +1.159,+0.922
1691458860,+3.55,+31.440, +1.014,+0.929
1691459460,+3.55,+31.370, +0.957,+0.933
1691460060,+3.55,+31.257, +0.938,+0.935
1691460660,+3.56,+31.109, +0.824,+0.943
1691461260,+3.55,+31.048, +0.739,+0.945
1691461860,+3.55,+30.813, +0.564,+0.951
1691462460,+3.55,+30.692, +0.334,+0.961
1691463060,+3.55,+30.674, +0.206,+0.966
1691463660,+3.55,+30.692, +0.172,+0.967
1691464260,+3.55,+30.744, +0.277,+0.962
1691464860,+3.55,+30.970, +0.469,+0.956
1691465460,+3.55,+31.153, +0.523,+0.958
1691466060,+3.55,+31.179, +0.744,+0.955
1691466660,+3.55,+31.240, +1.253,+0.943
1691467260,+3.55,+31.362, +2.436,+0.914
1691467860,+3.55,+31.554, +4.830,+0.933
1691468460,+3.55,+31.676, +1.316,+0.900
1691469060,+3.55,+31.860, +1.061,+0.931
1691469660,+3.55,+32.000, +1.426,+0.929
1691470260,+3.55,+32.158, +2.095,+0.930
1691470860,+3.55,+32.359, +3.659,+0.942
1691471460,+3.55,+32.430, +5.721,+0.979
1691472060,+3.55,+32.562, +7.058,+0.973
1691472660,+3.55,+32.746,+10.445,+0.961
1691473260,+3.54,+32.967,+15.050,+0.962
1691473860,+3.55,+33.108,+18.283,+0.955
1691474460,+3.55,+33.258,+19.760,+0.948
1691475060,+3.55,+33.329,+17.696,+0.940
1691475660,+3.55,+33.666,+14.745,+0.924
1691476260,+3.55,+33.870,+13.202,+0.926
1691476860,+3.54,+33.985,+13.954,+0.922
1691477460,+3.54,+34.065,+14.923,+0.924
1691478060,+3.55,+34.181, +8.771,+0.945
1691478660,+3.54,+33.029, +6.911,+0.982
1691479260,+3.55,+32.263, +7.064,+0.984
1691479860,+3.55,+32.412, +7.019,+0.984
1691480460,+3.55,+32.087, +7.130,+0.984
1691481060,+3.55,+32.079, +7.151,+0.984
1691481660,+3.55,+30.111, +7.351,+0.986
1691482260,+3.56,+25.842, +7.391,+0.987
1691482860,+3.56,+23.613, +7.169,+0.985
1691483460,+3.56,+23.345, +7.210,+0.985
1691484060,+3.56,+23.186, +7.261,+0.985
1691484660,+3.56,+23.052, +7.326,+0.985
1691485260,+3.56,+22.934, +7.347,+0.985
1691485860,+3.56,+22.859, +7.326,+0.985
1691486460,+3.56,+22.775, +7.330,+0.984
1691487060,+3.56,+22.708, +7.314,+0.985
1691487660,+3.56,+22.641, +7.314,+0.985
1691488260,+3.56,+22.524, +7.323,+0.985
1691488860,+3.56,+22.457, +7.333,+0.985
1691489460,+3.56,+22.382, +7.329,+0.984
1691490060,+3.56,+22.357, +7.391,+0.984
1691490660,+3.56,+22.281, +7.394,+0.984
1691491260,+3.56,+22.030, +8.398,+0.984
1691491860,+3.56,+21.244, +8.524,+0.985
