7450-925764
OS REV: 1.05 Sensor Cal: 1657225118
Time (sec),  BV (Volts),  T (deg C),  DO (mg/l),  Q ()
1691144460,+3.55,+35.559,+12.805,+0.936
1691145060,+3.55,+35.613,+12.432,+0.940
1691145660,+3.55,+35.694,+12.591,+0.939
1691146260,+3.55,+35.793,+12.496,+0.939
1691146860,+3.55,+35.892,+12.510,+0.943
1691147460,+3.54,+36.054,+12.216,+0.942
1691148060,+3.54,+36.109,+11.655,+0.944
1691148660,+3.54,+36.136,+11.536,+0.947
1691149260,+3.54,+36.136,+11.279,+0.949
1691149860,+3.54,+36.109,+11.077,+0.950
1691150460,+3.55,+36.054,+10.807,+0.953
1691151060,+3.55,+35.955,+10.683,+0.955
1691151660,+3.55,+35.955,+10.658,+0.955
1691152260,+3.55,+35.928,+10.527,+0.958
1691152860,+3.55,+35.910,+10.607,+0.958
1691153460,+3.55,+35.775,+10.644,+0.961
1691154060,+3.55,+35.676,+10.587,+0.963
1691154660,+3.55,+35.532,+10.442,+0.964
1691155260,+3.55,+35.343,+10.325,+0.965
1691155860,+3.54,+35.164,+10.036,+0.968
1691156460,+3.55,+35.011, +9.928,+0.969
1691157060,+3.55,+34.886, +9.907,+0.970
1691157660,+3.55,+34.788, +9.789,+0.972
1691158260,+3.55,+34.716, +9.586,+0.973
1691158860,+3.55,+34.653, +9.467,+0.974
1691159460,+3.55,+34.546, +9.382,+0.975
1691160060,+3.55,+34.386, +9.149,+0.977
1691160660,+3.55,+34.243, +8.915,+0.978
1691161260,+3.55,+34.136, +8.674,+0.979
1691161860,+3.55,+34.003, +8.354,+0.980
1691162460,+3.55,+33.870, +8.073,+0.979
1691163060,+3.55,+33.683, +7.722,+0.980
1691163660,+3.55,+33.533, +7.435,+0.981
1691164260,+3.55,+33.417, +7.172,+0.982
1691164860,+3.55,+33.311, +6.880,+0.981
1691165460,+3.55,+33.258, +6.622,+0.981
1691166060,+3.55,+33.179, +6.412,+0.981
1691166660,+3.55,+33.126, +6.237,+0.982
1691167260,+3.55,+33.073, +6.072,+0.982
1691167860,+3.55,+33.037, +5.849,+0.982
1691168460,+3.55,+33.029, +5.658,+0.982
1691169060,+3.55,+33.064, +5.553,+0.981
1691169660,+3.55,+33.126, +5.440,+0.981
1691170260,+3.55,+33.196, +5.399,+0.980
1691170860,+3.55,+33.294, +5.551,+0.980
1691171460,+3.55,+33.276, +5.381,+0.981
1691172060,+3.55,+33.329, +5.465,+0.981
1691172660,+3.55,+33.462, +5.780,+0.980
1691173260,+3.55,+33.568, +5.786,+0.980
1691173860,+3.55,+33.550, +5.632,+0.979
1691174460,+3.55,+33.524, +5.430,+0.979
1691175060,+3.55,+33.595, +5.557,+0.979
1691175660,+3.55,+33.612, +5.633,+0.979
1691176260,+3.55,+33.639, +5.425,+0.978
1691176860,+3.55,+33.550, +5.201,+0.977
1691177460,+3.55,+33.524, +5.048,+0.977
1691178060,+3.55,+33.497, +4.868,+0.976
1691178660,+3.55,+33.488, +4.941,+0.974
1691179260,+3.55,+33.488, +4.901,+0.971
1691179860,+3.55,+33.471, +4.818,+0.969
1691180460,+3.55,+33.435, +4.564,+0.957
1691181060,+3.55,+33.409, +4.623,+0.952
1691181660,+3.55,+33.400, +4.392,+0.942
1691182260,+3.55,+33.347, +4.194,+0.934
1691182860,+3.55,+33.258, +4.128,+0.933
1691183460,+3.55,+33.179, +4.028,+0.929
1691184060,+3.55,+33.099, +3.770,+0.924
1691184660,+3.55,+33.002, +3.711,+0.920
1691185260,+3.55,+32.976, +3.770,+0.921
1691185860,+3.55,+32.896, +3.346,+0.925
1691186460,+3.55,+32.790, +3.149,+0.924
1691187060,+3.55,+32.694, +3.072,+0.923
1691187660,+3.55,+32.650, +2.945,+0.920
1691188260,+3.55,+32.667, +2.849,+0.922
1691188860,+3.55,+32.641, +2.656,+0.918
1691189460,+3.55,+32.641, +2.463,+0.919
1691190060,+3.55,+32.694, +2.664,+0.919
1691190660,+3.55,+32.641, +2.608,+0.925
1691191260,+3.55,+32.526, +2.353,+0.926
1691191860,+3.55,+32.456, +2.264,+0.924
1691192460,+3.55,+32.456, +2.162,+0.922
1691193060,+3.55,+32.447, +2.140,+0.915
1691193660,+3.55,+32.456, +2.211,+0.920
1691194260,+3.55,+32.386, +2.405,+0.916
1691194860,+3.55,+32.386, +2.472,+0.919
1691195460,+3.55,+32.438, +2.464,+0.922
1691196060,+3.55,+32.509, +2.552,+0.925
1691196660,+3.55,+32.588, +2.727,+0.924
1691197260,+3.55,+32.676, +2.766,+0.926
1691197860,+3.55,+32.482, +2.351,+0.934
1691198460,+3.55,+32.316, +1.951,+0.939
1691199060,+3.55,+32.342, +1.932,+0.936
1691199660,+3.55,+32.324, +1.792,+0.940
1691200260,+3.55,+32.447, +1.908,+0.938
1691200860,+3.55,+32.518, +1.783,+0.941
1691201460,+3.55,+32.570, +1.903,+0.936
1691202060,+3.55,+32.694, +2.103,+0.929
1691202660,+3.55,+32.738, +2.238,+0.932
1691203260,+3.55,+32.826, +2.488,+0.931
1691203860,+3.55,+33.249, +3.693,+0.930
1691204460,+3.55,+33.444, +4.441,+0.947
1691205060,+3.55,+33.736, +5.640,+0.963
1691205660,+3.55,+33.781, +5.164,+0.950
1691206260,+3.55,+33.790, +5.360,+0.959
1691206860,+3.55,+33.807, +5.254,+0.952
1691207460,+3.55,+33.816, +5.601,+0.965
1691208060,+3.55,+33.807, +5.817,+0.970
1691208660,+3.55,+33.825, +5.987,+0.976
1691209260,+3.55,+33.843, +6.025,+0.976
1691209860,+3.55,+33.861, +6.291,+0.978
1691210460,+3.55,+33.870, +6.485,+0.978
1691211060,+3.55,+33.905, +6.622,+0.979
1691211660,+3.54,+33.923, +6.702,+0.979
1691212260,+3.54,+33.914, +6.776,+0.978
1691212860,+3.55,+33.950, +6.870,+0.977
1691213460,+3.54,+34.003, +7.106,+0.976
1691214060,+3.54,+34.030, +7.141,+0.975
1691214660,+3.54,+34.030, +7.041,+0.975
1691215260,+3.54,+34.101, +7.141,+0.977
1691215860,+3.54,+34.136, +7.207,+0.976
1691216460,+3.55,+34.199, +7.286,+0.974
1691217060,+3.55,+34.261, +7.414,+0.974
1691217660,+3.55,+34.332, +7.497,+0.973
1691218260,+3.55,+34.413, +7.633,+0.973
1691218860,+3.55,+34.377, +7.241,+0.971
1691219460,+3.55,+34.421, +7.473,+0.972
1691220060,+3.55,+34.466, +7.489,+0.970
1691220660,+3.55,+34.600, +7.762,+0.970
1691221260,+3.55,+34.645, +7.756,+0.970
1691221860,+3.55,+34.707, +8.014,+0.969
1691222460,+3.55,+34.752, +7.963,+0.969
1691223060,+3.55,+34.832, +8.233,+0.969
1691223660,+3.55,+34.940, +8.359,+0.970
1691224260,+3.54,+35.038, +8.438,+0.971
1691224860,+3.54,+35.173, +8.760,+0.970
1691225460,+3.54,+35.280, +8.907,+0.969
1691226060,+3.55,+35.352, +8.808,+0.969
1691226660,+3.55,+35.478, +9.258,+0.970
1691227260,+3.55,+35.694, +9.647,+0.968
1691227860,+3.55,+35.892,+10.136,+0.968
1691228460,+3.55,+36.091,+10.473,+0.967
1691229060,+3.54,+36.217,+10.747,+0.967
1691229660,+3.54,+36.253,+10.698,+0.966
1691230260,+3.54,+36.317,+10.800,+0.967
1691230860,+3.54,+36.353,+10.545,+0.968
