7450-925764
OS REV: 1.05 Sensor Cal: 1657225118
Time (sec),  BV (Volts),  T (deg C),  DO (mg/l),  Q ()
1690622460,+3.55,+35.424, +9.942,+0.960
1690623060,+3.55,+35.406, +9.443,+0.963
1690623660,+3.55,+35.424, +9.701,+0.965
1690624260,+3.55,+35.433, +9.577,+0.965
1690624860,+3.55,+35.649,+10.077,+0.963
1690625460,+3.55,+35.784,+10.167,+0.963
1690626060,+3.55,+35.901,+10.200,+0.962
1690626660,+3.55,+35.793,+10.217,+0.959
1690627260,+3.55,+35.883,+10.405,+0.960
1690627860,+3.55,+35.721,+10.001,+0.960
1690628460,+3.55,+35.775,+10.011,+0.962
1690629060,+3.55,+35.811, +9.991,+0.962
1690629660,+3.55,+35.856,+10.231,+0.962
1690630260,+3.55,+36.000,+10.238,+0.962
1690630860,+3.55,+36.063,+10.347,+0.959
1690631460,+3.55,+36.027,+10.899,+0.957
1690632060,+3.54,+35.982,+10.669,+0.958
1690632660,+3.55,+35.811,+10.742,+0.957
1690633260,+3.55,+35.658,+13.392,+0.947
1690633860,+3.55,+35.703,+14.300,+0.945
1690634460,+3.55,+35.883,+13.588,+0.948
1690635060,+3.55,+35.712,+12.417,+0.945
1690635660,+3.55,+35.811,+12.221,+0.946
1690636260,+3.55,+35.838,+12.296,+0.946
1690636860,+3.55,+35.775,+12.929,+0.949
1690637460,+3.55,+35.649,+14.843,+0.956
1690638060,+3.55,+35.649,+14.769,+0.956
1690638660,+3.55,+35.757,+13.965,+0.962
1690639260,+3.55,+35.847,+13.723,+0.961
1690639860,+3.55,+35.946,+13.762,+0.963
1690640460,+3.55,+35.955,+13.700,+0.964
1690641060,+3.55,+35.928,+13.764,+0.968
1690641660,+3.55,+35.919,+13.224,+0.968
1690642260,+3.55,+35.820,+12.787,+0.969
1690642860,+3.55,+35.712,+13.237,+0.972
1690643460,+3.55,+35.622,+12.963,+0.973
1690644060,+3.55,+35.532,+14.291,+0.972
1690644660,+3.55,+35.397,+13.245,+0.971
1690645260,+3.55,+35.056,+12.435,+0.974
1690645860,+3.55,+34.904,+11.780,+0.973
1690646460,+3.55,+34.805,+11.203,+0.973
1690647060,+3.55,+34.636,+10.890,+0.975
1690647660,+3.55,+34.457,+10.528,+0.975
1690648260,+3.55,+34.243,+10.261,+0.975
1690648860,+3.55,+34.119, +9.994,+0.974
1690649460,+3.55,+33.985,+10.214,+0.978
1690650060,+3.55,+33.941, +9.918,+0.978
1690650660,+3.55,+33.923, +9.611,+0.977
1690651260,+3.55,+33.816, +9.393,+0.977
1690651860,+3.55,+33.799, +9.206,+0.977
1690652460,+3.55,+33.648, +9.085,+0.977
1690653060,+3.55,+33.603, +8.936,+0.977
1690653660,+3.55,+33.586, +8.753,+0.977
1690654260,+3.55,+33.586, +8.600,+0.977
1690654860,+3.55,+33.586, +8.426,+0.976
1690655460,+3.55,+33.568, +8.305,+0.977
1690656060,+3.55,+33.550, +8.132,+0.976
1690656660,+3.55,+33.515, +7.962,+0.975
1690657260,+3.55,+33.506, +7.766,+0.974
1690657860,+3.55,+33.497, +7.581,+0.974
1690658460,+3.55,+33.506, +7.347,+0.972
1690659060,+3.55,+33.506, +7.124,+0.972
1690659660,+3.55,+33.612, +6.837,+0.969
1690660260,+3.55,+33.674, +6.437,+0.962
1690660860,+3.55,+33.550, +6.016,+0.952
1690661460,+3.55,+33.533, +5.481,+0.936
1690662060,+3.55,+33.586, +4.947,+0.919
1690662660,+3.55,+33.541, +4.399,+0.899
1690663260,+3.55,+33.506, +3.914,+0.882
1690663860,+3.55,+33.524, +3.559,+0.869
1690664460,+3.55,+33.559, +3.225,+0.859
1690665060,+3.55,+33.559, +3.003,+0.855
1690665660,+3.55,+33.586, +2.765,+0.852
1690666260,+3.55,+33.639, +2.602,+0.851
1690666860,+3.55,+33.612, +2.488,+0.852
1690667460,+3.55,+33.550, +2.392,+0.853
1690668060,+3.55,+33.524, +2.315,+0.856
1690668660,+3.55,+33.488, +2.237,+0.857
1690669260,+3.55,+33.373, +2.155,+0.859
1690669860,+3.55,+33.090, +2.066,+0.861
1690670460,+3.55,+32.932, +2.033,+0.865
1690671060,+3.55,+32.773, +1.973,+0.869
1690671660,+3.55,+32.597, +1.931,+0.872
1690672260,+3.56,+32.166, +1.965,+0.878
1690672860,+3.55,+31.790, +1.936,+0.885
1690673460,+3.55,+31.597, +1.913,+0.892
1690674060,+3.56,+31.336, +1.870,+0.897
1690674660,+3.56,+31.248, +1.807,+0.901
1690675260,+3.56,+31.161, +1.748,+0.907
1690675860,+3.56,+31.179, +1.682,+0.911
1690676460,+3.55,+31.353, +1.655,+0.913
1690677060,+3.55,+31.501, +1.640,+0.915
1690677660,+3.55,+31.659, +1.624,+0.915
1690678260,+3.55,+31.886, +1.657,+0.915
1690678860,+3.55,+32.009, +1.719,+0.916
1690679460,+3.56,+32.070, +1.753,+0.915
1690680060,+3.55,+32.140, +1.843,+0.914
1690680660,+3.55,+32.201, +1.913,+0.915
1690681260,+3.55,+32.272, +2.019,+0.915
1690681860,+3.55,+32.342, +2.098,+0.914
1690682460,+3.55,+32.377, +2.142,+0.916
1690683060,+3.55,+32.395, +2.214,+0.919
1690683660,+3.55,+32.395, +2.268,+0.921
1690684260,+3.55,+32.386, +2.418,+0.926
1690684860,+3.55,+32.386, +2.531,+0.934
1690685460,+3.55,+32.359, +2.563,+0.937
1690686060,+3.55,+32.368, +2.557,+0.940
1690686660,+3.55,+32.377, +2.682,+0.948
1690687260,+3.55,+32.386, +2.860,+0.958
1690687860,+3.55,+32.377, +3.186,+0.969
1690688460,+3.55,+32.403, +3.566,+0.975
1690689060,+3.55,+32.403, +3.991,+0.976
1690689660,+3.55,+32.456, +3.226,+0.945
1690690260,+3.55,+32.474, +3.416,+0.943
1690690860,+3.55,+32.535, +3.830,+0.950
1690691460,+3.55,+32.606, +4.384,+0.952
1690692060,+3.55,+32.650, +5.080,+0.951
1690692660,+3.55,+32.694, +5.784,+0.946
1690693260,+3.55,+32.808, +6.555,+0.935
1690693860,+3.55,+32.887, +7.424,+0.930
1690694460,+3.55,+33.011, +8.193,+0.930
1690695060,+3.55,+33.188, +9.007,+0.933
1690695660,+3.55,+33.329, +9.728,+0.934
1690696260,+3.55,+33.426,+10.520,+0.936
1690696860,+3.55,+33.471,+11.054,+0.943
1690697460,+3.55,+33.595,+11.824,+0.945
1690698060,+3.55,+33.666,+12.295,+0.949
1690698660,+3.55,+33.772,+12.412,+0.954
1690699260,+3.55,+33.958,+12.623,+0.957
1690699860,+3.55,+34.252,+13.083,+0.958
1690700460,+3.55,+34.377,+13.400,+0.961
1690701060,+3.55,+34.457,+13.619,+0.961
1690701660,+3.55,+34.591,+13.702,+0.960
1690702260,+3.55,+34.698,+13.881,+0.963
1690702860,+3.55,+34.877,+14.083,+0.963
1690703460,+3.55,+35.038,+11.587,+0.958
1690704060,+3.54,+35.155,+11.739,+0.956
1690704660,+3.54,+35.209,+11.513,+0.956
1690705260,+3.54,+35.262,+12.566,+0.943
1690705860,+3.54,+35.235,+11.950,+0.947
1690706460,+3.54,+35.253,+11.572,+0.949
1690707060,+3.54,+35.271,+11.599,+0.951
1690707660,+3.54,+35.217,+12.204,+0.948
1690708260,+3.54,+35.217,+11.587,+0.945
1690708860,+3.54,+35.271,+11.772,+0.941
